seed: 0 - result: [[[11, 13, 7, 5, 8, 18, 9, 3, 19, 12, 15, 1, 20, 10, 6, 2, 17, 14, 16, 4], 13], 12] 
seed: 1 - result: [[[11, 16, 8, 13, 4, 17, 2, 14, 12, 6, 1, 19, 5, 7, 18, 3, 15, 9, 10, 20], 16], 12] 
seed: 2 - result: [[[11, 13, 5, 19, 1, 10, 6, 4, 7, 12, 3, 15, 17, 8, 18, 2, 20, 14, 16, 9], 13], 12] 
seed: 3 - result: [[[11, 13, 10, 4, 12, 3, 14, 9, 1, 2, 16, 17, 6, 5, 15, 20, 18, 19, 8, 7], 13], 12] 
seed: 4 - result: [[[10, 20, 4, 19, 7, 14, 5, 1, 13, 18, 12, 16, 11, 3, 17, 8, 9, 2, 6, 15], 20], 12] 
seed: 5 - result: [[[11, 13, 8, 7, 19, 5, 14, 4, 18, 6, 9, 16, 20, 3, 1, 2, 15, 12, 17, 10], 13], 12] 
seed: 6 - result: [[[11, 13, 8, 1, 5, 9, 17, 3, 14, 20, 10, 19, 16, 4, 7, 6, 18, 15, 2, 12], 13], 12] 
seed: 7 - result: [[[11, 16, 15, 20, 9, 8, 14, 13, 5, 3, 4, 19, 10, 1, 7, 17, 6, 2, 12, 18], 16], 12] 
seed: 8 - result: [[[11, 13, 20, 15, 14, 1, 7, 10, 16, 8, 3, 5, 4, 6, 9, 19, 12, 18, 2, 17], 13], 12] 
seed: 9 - result: [[[1, 4, 15, 17, 8, 9, 18, 10, 5, 12, 13, 19, 7, 16, 6, 2, 11, 3, 14, 20], 4], 12] 
seed: 10 - result: [[[11, 13, 4, 1, 18, 12, 19, 17, 10, 15, 14, 7, 20, 3, 16, 9, 8, 5, 6, 2], 13], 12] 
seed: 11 - result: [[[16, 4, 14, 19, 3, 2, 20, 1, 13, 7, 11, 15, 17, 5, 12, 10, 18, 6, 9, 8], 4], 12] 
seed: 12 - result: [[[10, 11, 14, 13, 15, 6, 7, 8, 20, 18, 1, 9, 3, 4, 17, 19, 12, 2, 5, 16], 11], 12] 
seed: 13 - result: [[[11, 13, 10, 19, 8, 3, 12, 7, 2, 5, 15, 4, 14, 20, 18, 17, 1, 6, 16, 9], 13], 12] 
seed: 14 - result: [[[10, 11, 8, 17, 6, 16, 13, 15, 9, 20, 14, 2, 5, 12, 19, 7, 3, 18, 1, 4], 11], 12] 
seed: 15 - result: [[[10, 20, 8, 16, 5, 6, 12, 14, 7, 2, 18, 3, 13, 11, 9, 15, 19, 17, 4, 1], 20], 12] 
seed: 16 - result: [[[10, 11, 18, 7, 12, 6, 19, 16, 8, 17, 15, 5, 20, 4, 2, 13, 9, 14, 3, 1], 11], 12] 
seed: 17 - result: [[[16, 4, 19, 20, 2, 17, 14, 8, 3, 5, 9, 18, 13, 11, 15, 10, 6, 12, 1, 7], 4], 12] 
seed: 18 - result: [[[11, 13, 16, 19, 15, 8, 17, 18, 1, 3, 9, 14, 7, 6, 10, 4, 2, 12, 20, 5], 13], 12] 
seed: 19 - result: [[[10, 11, 12, 7, 13, 8, 2, 5, 9, 20, 4, 16, 19, 3, 6, 17, 1, 15, 18, 14], 11], 12] 
seed: 20 - result: [[[11, 16, 1, 17, 9, 5, 20, 19, 7, 18, 3, 2, 13, 14, 8, 10, 12, 4, 6, 15], 16], 12] 
seed: 21 - result: [[[11, 13, 9, 14, 7, 4, 2, 19, 10, 20, 3, 18, 17, 1, 5, 12, 6, 8, 16, 15], 13], 12] 
seed: 22 - result: [[[11, 13, 8, 19, 3, 15, 4, 17, 2, 14, 5, 20, 1, 6, 16, 18, 12, 10, 7, 9], 13], 12] 
seed: 23 - result: [[[11, 13, 12, 3, 4, 9, 14, 2, 16, 1, 5, 8, 19, 20, 17, 7, 6, 10, 15, 18], 13], 12] 
seed: 24 - result: [[[11, 13, 9, 18, 1, 19, 10, 14, 8, 16, 20, 3, 7, 4, 6, 2, 17, 12, 15, 5], 13], 12] 
seed: 25 - result: [[[10, 11, 12, 3, 7, 19, 17, 1, 4, 8, 2, 6, 15, 14, 20, 18, 9, 13, 16, 5], 11], 12] 
seed: 26 - result: [[[11, 16, 12, 4, 18, 5, 3, 6, 1, 7, 13, 9, 10, 15, 2, 8, 17, 14, 20, 19], 16], 12] 
seed: 27 - result: [[[1, 4, 7, 20, 16, 2, 12, 17, 6, 15, 5, 19, 14, 3, 8, 10, 18, 9, 11, 13], 4], 12] 
seed: 28 - result: [[[10, 20, 2, 9, 4, 15, 8, 6, 17, 19, 3, 7, 18, 12, 14, 11, 16, 5, 1, 13], 20], 12] 
seed: 29 - result: [[[16, 4, 7, 10, 9, 2, 19, 6, 11, 5, 15, 13, 20, 3, 12, 18, 14, 8, 1, 17], 4], 12] 
