10 10
1 10
1 6 2 2
6 9 1 6
9 2 1 8
2 8 1 3
8 7 1 9
7 10 1 4
1 4 1 6
1 3 1 4
1 5 1 2
6 4 1 7
6 5 1 6
6 3 1 8
9 3 1 4
9 4 1 1
9 5 1 1
2 5 1 9
2 4 1 10
2 3 1 3
8 5 1 1
8 3 1 2
8 4 1 1
7 5 1 7
7 3 1 7
7 4 1 1
10 3 1 8
10 4 1 10
10 5 1 3
7 9 1 3
7 1 1 3
2 6 1 1
7 8 1 9
2 1 1 6
5 3 1 4
5 4 1 3
5 4 1 2
7 6 23 7
2 7 23 6
6 4 25 2
7 6 11 1
10 5 18 7
1 10 18 5
9 1 16 10
5 3 12 6
3 8 13 9
1 9 12 5
10 2 13 3
3 8 20 8
6 7 12 3
9 10 14 1
3 8 16 4
2 1 16 3
6 4 27 8
2 7 27 4
8 5 29 5
10 3 12 1
2 7 12 4
7 4 13 10
9 5 22 5
2 7 24 9
8 4 17 5
4 7 21 4
3 10 12 6
2 10 15 7
4 6 25 9
6 5 24 3
8 2 27 1
1 2 27 3
8 1 17 5
9 8 26 9
6 7 18 10
3 10 28 1
5 6 13 4
9 7 19 8
4 10 16 1
2 9 22 8
1 8 28 7
1 5 16 3
9 10 12 8
10 6 22 1
8 1 21 7
2 10 11 7
4 8 22 2
10 7 24 7
5 10 27 9
7 2 13 7
7 6 24 1
2 1 28 9
10 6 27 5
2 9 12 1
6 9 25 3
8 1 29 1
4 5 15 1
1 5 16 4
5 10 21 1
7 6 16 2
1 4 17 4
3 9 19 7
2 9 24 7
3 6 23 5
8 2 11 8
2 3 21 3
7 3 12 6
10 9 17 2
6 9 29 1
1 6 25 4
6 1 11 5
9 3 29 5
4 5 20 2
5 4 24 6
8 6 13 9
7 10 13 3
3 7 14 5
3 9 27 5
2 8 22 6
8 5 12 6
9 8 21 1
5 3 17 8
10 4 29 6
9 2 27 3
10 1 24 5
5 10 21 9
10 7 16 9
5 6 28 3
8 10 21 5
4 9 20 6
5 10 15 1
2 6 20 1
5 2 17 6
5 4 14 2
8 4 29 8
7 3 14 8
3 5 19 6
5 1 26 5
10 4 12 6
3 4 14 10
5 2 17 9
10 5 25 2
4 7 26 1
2 10 21 5
4 3 16 3
2 6 12 7
5 3 12 9
1 2 22 6
4 9 17 2
5 3 22 5
2 7 14 5
2 8 21 8
6 1 24 8
8 9 23 7
5 3 15 10
1 4 28 1
3 8 15 5
7 3 14 8
10 6 23 3
1 5 23 1
1 7 28 1
2 4 29 6
7 9 27 5
2 6 14 10
4 2 27 6
10 1 18 10
5 2 19 1
6 1 29 5
8 7 11 1
5 10 25 10
2 5 28 7
6 10 15 6
8 9 24 10
1 10 15 5
6 8 13 6
3 6 18 7
7 3 11 5
7 2 27 6
5 1 21 8
6 7 12 5
3 1 19 8
9 3 16 4
10 4 14 10
9 1 20 3
7 4 17 10
8 4 19 6
10 9 15 7
2 3 13 10
3 6 11 10
5 10 28 2
4 3 26 1
5 6 28 4
5 2 12 2
9 4 29 9
5 3 15 2
7 3 16 9
9 8 12 10
3 1 27 2
4 2 16 8
6 4 16 2
8 3 11 2
7 9 21 10
7 8 13 3
4 7 27 8
9 2 29 1
9 5 15 2
8 7 27 8
10 9 29 6
4 9 11 8
1 10 14 3
4 1 26 1
6 2 15 1
7 8 27 3
4 3 29 3
5 7 20 1
2 3 27 2
5 1 29 4
1 6 25 10
8 2 17 10
7 2 20 5
7 3 22 5
7 8 27 5
6 8 16 7
7 10 29 1
4 3 29 4
9 6 21 10
7 3 28 8
4 1 23 10
1 3 27 3
2 9 29 7
7 5 14 7
7 1 24 4
2 7 19 10
10 7 19 5
2 3 15 4
9 8 15 6
1 4 12 10
10 1 25 4
6 1 16 8
5 8 11 4
4 7 12 9
1 8 15 6
4 1 12 2
5 8 26 9
1 4 21 8
7 3 23 2
5 8 29 9
3 1 15 4
1 7 14 1
4 8 18 1
9 7 22 3
2 1 12 8
3 1 23 3
2 3 26 10
1 8 11 10
10 1 14 6
10 4 29 3
8 5 29 10
1 4 13 2
4 3 12 8
8 7 12 9
3 5 17 8
7 10 15 4
7 1 16 6
5 3 16 3
10 9 19 6
7 8 27 1
5 7 24 8
1 2 13 4
6 7 18 7
10 6 20 4
9 6 15 6
7 2 27 2
10 9 23 9
6 7 15 8
9 10 17 5
5 10 19 2
4 8 15 5
10 7 12 3
1 7 17 7
2 4 23 3
5 3 23 8
10 3 20 3
1 2 18 5
8 2 29 5
2 5 24 8
6 10 11 3
8 3 14 2
7 10 13 7
6 10 24 7
7 9 19 2
6 4 13 1
8 9 17 2
10 8 29 7
8 4 14 2
3 8 24 4
6 4 12 7
7 4 16 3
2 9 19 10
7 1 23 7
2 7 21 7
7 9 18 8
2 8 18 2
1 2 19 7
9 7 28 8
3 4 19 4
6 8 17 1
4 6 26 8
3 10 25 4
6 9 24 4
5 3 24 8
10 2 24 10
7 6 15 9
4 6 17 10
4 8 25 2
10 5 19 9
4 6 16 5
4 10 17 1
10 1 18 2
7 1 25 10
9 4 13 4
8 7 21 5
4 8 12 4
7 10 26 10
5 8 20 2
6 4 14 10
1 10 19 1
4 3 23 5
4 5 22 5
9 3 15 9
6 3 22 5
5 2 24 3
2 8 21 4
10 3 12 1
5 6 27 6
9 6 27 7
6 2 21 3
9 10 12 7
5 7 17 1
7 6 29 9
5 8 29 6
2 5 14 1
3 8 14 7
6 8 11 7
5 3 25 3
1 7 23 2
4 2 21 7
10 4 29 9
9 1 18 6
5 3 22 4
7 8 12 4
6 8 23 9
1 9 11 3
1 4 27 3
6 1 28 10
4 7 25 10
7 2 14 7
2 9 27 3
1 4 22 8
3 6 26 1
4 8 26 6
9 10 21 1
7 3 11 10
6 5 26 6
1 6 25 3
10 8 23 5
9 2 17 10
8 1 23 5
1 2 20 8
6 3 11 8
3 9 21 1
3 1 13 3
2 6 11 10
6 5 12 7
4 10 29 1
2 5 23 10
6 8 17 1
8 4 20 4
7 9 23 9
4 7 19 2
2 7 29 9
2 6 22 4
6 8 21 1
2 9 13 7
4 1 26 8
3 6 29 5
9 6 20 7
2 1 28 6
1 2 22 2
8 10 22 1
8 6 25 2
8 5 14 6
7 9 20 10
7 4 26 6
7 6 19 4
2 8 16 7
10 4 13 4
6 7 16 10
7 4 15 10
10 2 16 7
2 9 29 9
3 6 14 10
2 8 24 6
6 3 28 6
4 9 12 9
10 3 12 6
7 10 29 9
7 9 23 5
4 2 21 5
6 1 24 9
1 2 14 3
3 4 16 1
9 2 11 3
7 1 28 5
4 6 11 8
6 1 14 6
9 5 25 9
1 5 17 3
8 9 13 1
4 7 26 6
2 9 28 1
9 6 23 1
9 8 17 7
1 5 21 3
1 2 23 5
2 6 21 3
7 2 20 10
8 6 24 4
1 9 17 5
10 6 15 9
8 4 21 1
10 7 28 4
1 6 27 6
7 9 28 5
8 5 19 5
2 8 28 9
9 7 14 9
9 2 22 2
3 5 17 8
8 9 18 1
4 5 27 7
4 3 26 1
1 2 17 4
8 2 15 3
6 2 12 6
4 10 26 6
5 3 24 5
6 1 22 1
1 9 21 7
2 10 16 3
5 10 20 10
1 3 15 5
10 5 12 8
6 9 25 9
7 4 11 4
5 8 13 10
5 2 29 6
4 8 22 8
9 10 12 7
6 8 22 7
10 2 22 9
6 3 16 2
7 10 27 5
1 8 21 8
7 1 29 7
5 1 24 6
1 10 17 4
1 6 14 3
3 9 24 10
10 7 22 6
7 5 26 9
7 4 17 10
6 1 24 2
1 6 13 7
10 8 24 8
1 5 25 7
4 5 13 3
4 10 15 6
9 2 18 2
10 9 26 1
7 6 21 9
9 5 15 7
8 2 17 9
6 8 17 2
1 7 22 4
9 3 29 5
8 4 13 5
1 5 22 7
8 7 14 8
2 3 25 9
8 1 22 3
3 5 14 8
1 7 16 5
4 2 17 6
1 7 16 9
4 10 13 2
5 1 28 8
7 5 14 3
5 4 12 5
5 3 23 2
9 1 24 8
7 5 17 2
9 2 11 3
8 4 17 3
8 3 13 6
6 8 22 6
7 2 14 6
9 8 28 10
2 4 25 8
6 10 23 1
6 7 24 9
6 7 26 7
5 6 12 8
10 1 29 5
2 9 12 5
5 6 29 10
4 7 16 6
5 7 12 10
3 4 19 8
8 3 16 4
5 9 13 6
1 10 23 3
10 7 28 8
9 8 15 8
3 6 16 6
9 2 18 6
1 6 16 10
7 1 24 1
9 8 15 8
5 8 26 1
5 7 16 9
9 2 18 10
8 1 15 6
6 10 14 9
10 5 24 9
7 9 20 8
9 6 26 10
6 2 21 4
7 8 14 7
7 3 28 2
10 8 17 3
5 3 28 8
8 6 12 8
5 2 21 5
7 2 11 10
2 10 25 3
2 1 21 6
7 1 29 6
5 4 18 5
5 4 14 6
5 8 25 3
10 2 14 9
3 4 23 3
2 4 15 7
8 5 22 10
2 3 19 3
2 9 16 2
1 10 14 2
7 10 24 9
10 7 13 10
6 7 18 6
2 8 24 7
7 6 15 2
6 5 21 3
7 1 23 10
10 1 17 8
1 7 20 1
1 9 17 5
2 1 20 5
7 5 26 3
2 6 14 5
10 2 20 4
7 3 25 9
8 6 19 9
7 10 15 9
2 10 19 8
10 2 18 5
1 7 27 3
5 8 29 1
2 5 16 3
8 5 27 4
8 4 26 7
1 5 19 6
6 3 18 9
10 7 18 6
8 5 15 5
7 5 14 9
10 7 19 9
10 6 14 3
1 5 16 6
7 1 18 7
8 10 21 9
9 2 17 9
5 10 25 6
1 7 15 10
7 9 18 8
9 8 15 9
2 9 29 4
1 8 18 7
10 4 19 5
6 1 25 4
2 6 13 9
7 6 13 2
5 3 16 10
4 3 24 3
4 5 22 10
3 8 19 7
4 1 12 8
7 4 21 10
8 1 24 7
5 9 27 5
9 2 17 7
8 2 27 7
8 9 13 1
7 5 18 8
2 8 15 7
9 1 20 8
7 8 21 2
10 4 12 2
5 6 19 10
5 3 25 8
5 9 13 6
6 2 23 5
6 7 18 5
9 6 16 8
9 4 11 9
2 8 27 7
3 6 24 1
3 7 28 5
6 3 15 4
6 7 29 3
3 2 11 5
2 3 17 4
6 2 27 2
1 4 16 5
9 5 11 1
6 10 18 10
2 8 15 2
9 8 18 3
5 2 12 8
9 8 15 10
10 3 21 4
5 3 25 10
5 6 11 9
10 5 28 8
2 4 14 5
1 3 19 7
2 9 19 8
8 3 20 9
6 7 11 6
3 4 20 4
6 3 21 3
7 4 20 8
10 4 24 10
4 9 27 6
8 1 16 10
6 7 25 1
9 2 13 7
9 7 27 5
9 1 18 5
10 8 25 6
4 8 17 6
4 9 20 4
2 8 22 3
6 2 22 4
10 7 27 8
10 4 22 5
9 10 19 8
6 3 17 4
3 9 29 3
8 3 16 8
10 3 28 5
2 8 28 8
6 8 16 2
3 6 19 9
10 3 11 6
1 3 22 7
10 4 28 3
9 7 11 10
7 5 13 1
7 9 14 7
10 5 29 5
7 4 29 10
10 8 15 6
10 9 14 4
6 8 16 6
5 1 17 5
5 7 22 9
6 7 15 4
8 7 13 10
2 1 28 10
9 1 12 5
1 9 19 3
5 2 13 7
2 10 29 2
3 7 13 5
4 7 27 2
6 9 26 8
5 10 27 4
1 2 25 1
8 9 13 10
5 10 16 5
9 2 21 1
9 1 26 8
6 7 18 1
4 7 26 4
2 1 24 3
2 8 27 4
5 7 15 1
9 2 27 3
4 10 17 1
8 6 24 5
9 1 23 6
6 4 20 10
10 6 22 2
1 7 13 7
7 1 19 7
1 3 29 5
9 6 28 5
5 3 27 8
3 6 28 1
9 4 20 10
5 3 15 1
2 7 18 7
6 5 25 5
7 2 14 1
7 5 23 9
6 3 21 3
10 6 28 8
3 4 12 8
2 9 14 5
2 9 27 7
2 5 29 8
9 4 25 1
10 1 28 6
5 4 29 9
7 2 12 9
9 10 29 8
2 4 29 4
2 1 28 2
9 4 22 6
7 5 28 1
5 2 15 6
4 2 14 2
6 10 20 2
1 3 14 5
3 6 22 5
6 9 18 7
2 7 17 1
5 10 22 2
9 8 13 1
7 5 15 9
2 7 26 10
1 2 12 7
4 1 27 9
3 4 14 9
7 2 22 9
9 1 28 2
1 6 28 9
5 7 29 10
6 8 27 5
3 1 27 7
9 1 28 10
1 3 24 5
8 9 29 4
4 3 27 8
4 10 22 10
3 8 21 2
10 1 21 8
3 4 23 6
7 9 21 10
4 9 11 10
3 5 25 2
5 6 28 7
10 6 18 6
4 2 18 3
8 9 25 8
8 2 11 2
1 5 13 10
6 2 28 2
2 9 16 5
6 8 22 9
5 8 11 8
3 1 13 1
4 8 26 5
3 2 16 5
4 2 20 10
4 3 24 5
4 6 13 6
9 3 21 8
1 5 21 2
4 9 15 4
2 3 25 9
9 10 11 8
1 2 19 3
7 9 28 5
6 7 18 2
1 4 19 4
3 5 17 3
4 2 16 9
6 7 22 2
5 3 18 1
7 6 16 2
1 3 26 7
9 4 29 9
10 7 28 10
8 4 14 8
2 6 16 6
8 3 24 6
5 6 11 4
7 10 28 1
2 5 16 6
1 8 15 6
9 2 17 7
6 2 26 3
6 5 26 7
9 8 29 5
8 1 13 5
4 7 19 10
1 5 11 8
1 9 11 7
7 8 28 4
9 6 23 7
1 7 14 9
9 5 11 10
1 3 17 1
10 8 22 8
7 4 11 6
7 9 25 6
10 1 23 2
5 9 18 7
9 6 23 4
5 10 17 9
2 3 18 3
10 3 12 1
6 10 24 5
9 6 19 8
6 8 17 4
9 5 24 8
6 4 13 2
3 5 27 8
10 6 25 2
2 5 23 4
6 2 11 4
7 9 27 9
7 4 17 9
7 4 11 3
7 8 22 7
10 3 16 2
2 5 13 8
2 4 11 2
2 4 13 9
4 9 24 1
6 9 25 2
10 6 14 6
4 6 22 2
3 4 14 7
4 10 24 2
4 1 19 2
5 3 21 8
5 1 19 2
1 2 19 3
9 5 18 2
4 5 11 1
3 2 23 2
2 6 13 1
2 10 18 8
8 4 15 1
7 2 18 5
9 4 11 3
2 1 21 8
1 4 20 7
9 1 12 3
5 3 20 5
8 6 13 5
8 2 24 8
8 2 26 6
5 6 17 5
1 8 28 5
8 2 14 1
8 10 27 1
8 5 19 5
3 6 28 2
9 4 28 9
2 10 17 8
3 8 29 10
4 10 13 1
7 9 11 10
1 6 25 9
5 2 14 1
8 3 25 10
5 2 25 10
1 6 12 4
5 7 18 4
3 8 24 9
3 9 17 10
3 4 21 7
7 8 20 6
3 9 13 9
7 8 19 2
10 7 15 6
3 9 26 9
9 5 17 10
3 6 23 1
6 9 20 5
3 9 16 7
9 7 29 7
6 5 17 3
9 6 16 1
8 1 29 8
5 7 19 7
4 9 29 9
8 10 18 3
3 2 23 3
5 2 13 9
1 6 25 4
8 9 24 2
2 1 26 2
1 8 18 1
8 1 28 1
1 10 13 6
9 8 21 7
1 10 21 10
5 2 23 8
7 1 17 7
9 5 27 3
7 10 28 3
7 9 13 9
1 7 27 7
5 4 19 5
1 2 16 2
8 4 20 5
1 4 23 1
5 8 23 9
4 2 12 1
9 1 27 1
4 7 25 2
8 7 27 6
8 1 27 9
8 5 22 6
9 2 25 8
2 4 24 2
8 4 26 10
5 2 18 2
6 2 21 1
9 2 17 3
5 2 11 10
8 2 24 2
7 4 15 9
7 8 14 5
5 1 29 4
10 5 21 2
8 10 26 6
8 9 28 1
6 9 28 7
10 7 14 1
2 9 27 7
3 9 28 2
5 4 24 7
7 3 19 9
4 1 11 3
2 7 28 1
2 6 23 8
10 9 28 9
8 1 27 3
5 7 24 9
10 1 27 7
1 2 26 2
10 9 24 8
2 6 20 1
10 8 18 4
1 10 19 10
2 8 25 5
4 6 15 10
3 2 17 8
2 7 24 9
9 4 21 8
4 7 16 2
1 7 26 10
8 3 11 8
1 5 16 9
9 1 29 2
2 9 24 7
7 10 19 2
3 7 15 3
6 1 19 7
1 8 24 8
7 5 17 2
2 7 19 8
6 8 29 8
7 10 14 2
3 2 26 2
3 8 29 6
3 5 18 5
2 3 16 7
7 5 20 6
1 3 15 8
3 9 28 5
10 2 12 1
10 5 29 6
7 9 26 6
1 7 25 8
7 8 16 1
5 4 22 3
6 8 20 6