10 5
1 5
1 10 2 5
10 2 1 1
2 4 1 4
4 6 1 4
6 8 1 4
8 5 1 3
1 3 1 5
1 7 1 2
1 9 1 1
10 7 1 3
10 9 1 5
10 3 1 5
2 9 1 5
2 7 1 1
2 3 1 5
4 3 1 5
4 9 1 4
4 7 1 1
6 7 1 2
6 3 1 1
6 9 1 1
8 7 1 5
8 9 1 1
8 3 1 5
5 3 1 1
5 9 1 3
5 7 1 2
6 1 1 3
8 2 1 4
6 1 1 5
5 6 1 3
6 1 1 5
7 9 1 3
3 9 1 4
9 7 1 5
6 5 16 1
5 6 16 2
10 1 15 3
5 8 13 5
8 6 15 2
2 9 21 5
4 6 23 4
9 8 17 5
2 9 22 5
5 4 14 2
8 2 21 1
10 3 23 4
6 7 14 5
6 1 18 3
9 6 22 3
5 10 20 5
9 2 28 2
2 8 26 1
8 6 25 1
5 9 12 5
8 1 20 5
4 2 19 5
2 7 20 4
4 9 13 4
1 8 18 2
10 2 22 4
10 3 21 2
10 6 13 4
7 4 16 3
4 6 22 2
2 8 15 5
1 10 28 3
5 8 19 2
2 8 12 3
4 2 18 2
9 5 24 2
7 8 22 5
5 9 22 4
4 5 17 4
1 6 26 1
3 6 24 5
1 8 22 4
5 6 22 2
8 7 29 5
5 6 21 2
9 3 11 4
1 2 29 2
5 6 23 5
2 8 23 3
7 9 17 4
8 3 19 5
2 10 11 2
6 2 15 2
2 9 29 2
1 2 17 4
3 6 20 1
7 6 29 1
5 8 29 1
6 8 15 5
6 8 22 5
1 9 18 5
3 4 18 2
4 7 20 2
7 3 26 1
3 9 22 4
5 4 26 4
10 1 23 5
3 9 27 3
3 9 20 3
3 8 28 4
7 8 14 5
8 3 14 1
6 8 24 4
1 10 16 2
7 1 21 3
4 3 13 3
10 4 13 4
7 1 22 1
6 7 15 5
10 8 15 4
9 1 16 3
3 2 23 4
10 4 17 2
6 7 16 5
7 5 13 4
7 2 27 2
9 10 24 3
1 3 20 4
10 5 26 1
9 3 22 3
7 2 24 4
9 10 27 2
6 9 15 1
6 3 17 5
2 9 14 4
10 6 11 5
4 8 15 2
7 3 18 3
5 1 14 5
3 4 23 4
8 6 11 4
2 10 28 1
9 7 26 5
10 4 15 4
4 5 11 2
10 5 17 2
2 4 15 4
7 10 15 4
8 7 18 1
4 10 24 1
3 9 13 4
1 2 22 2
3 5 28 2
4 1 26 5
9 1 14 4
10 5 27 4
4 8 11 1
10 2 19 1
5 1 21 5
4 6 26 5
1 2 15 2
1 10 24 5
2 4 18 5
3 2 24 5
6 5 17 4
6 9 21 5
9 2 20 4
3 10 27 5
10 9 16 4
5 6 23 2
1 6 25 4
8 6 27 4
6 10 21 2
10 6 11 4
7 8 29 2
5 6 17 2
4 8 25 1
6 10 15 2
8 3 15 3
6 1 22 3
7 9 12 2
10 5 19 3
5 8 23 1
8 6 22 4
7 1 20 2
8 5 21 4
3 9 23 5
7 10 14 5
9 1 29 5
5 2 23 5
5 3 24 4
10 3 24 4
3 5 18 1
3 10 21 4
1 4 26 5
5 8 23 4
3 2 11 5
1 5 14 3
5 2 22 4
8 5 26 1
8 4 17 5
8 6 11 2
9 7 24 2
4 3 15 2
5 1 28 2
9 6 20 2
4 2 21 4
9 10 28 4
4 3 12 4
9 4 27 4
6 2 19 5
8 10 18 3
10 4 20 4
2 8 18 2
2 5 26 5
10 5 12 3
10 9 21 2
7 3 13 2
9 2 22 3
1 7 22 2
2 6 19 5
7 10 23 1
9 10 24 1
6 8 28 5
4 10 13 1
10 8 14 5
10 5 15 3
3 2 29 2
2 1 12 5
2 9 19 5
1 9 25 2
10 4 17 1
7 5 16 1
8 7 13 2
10 8 12 1
4 8 12 2
8 6 28 4
2 1 18 2
7 6 11 2
1 6 28 1
2 5 12 4
8 7 15 2
5 3 15 1
2 1 19 5
6 3 27 5
7 10 21 3
6 4 12 4
2 5 25 2
3 9 12 3
3 10 20 1
5 3 18 1
8 3 11 4
7 1 17 3
10 7 13 1
2 9 11 2
6 4 26 2
2 4 24 2
8 3 12 3
3 4 27 1
10 6 26 4
10 2 16 2
5 8 28 5
6 9 27 4
9 5 11 1
6 5 26 4
6 4 16 1
10 3 29 3
10 4 21 3
4 1 26 2
8 9 28 5
10 2 22 4
2 10 27 3
8 9 11 3
8 3 24 4
3 4 12 5
3 4 12 1
5 10 15 2
10 6 26 3
10 8 12 1
10 8 17 5
9 8 29 2
1 7 15 1
4 7 13 2
5 6 18 1
6 10 15 4
9 8 19 4
10 2 28 3
2 10 18 2
7 8 22 1
10 6 24 3
3 8 14 2
8 5 26 3
9 10 24 1
7 8 12 4
9 5 27 2
8 1 29 4
6 8 29 4
6 1 25 1
9 1 11 5
2 8 20 2
1 10 16 5
9 1 21 4
6 2 12 1
8 1 14 3
5 2 22 5
7 9 21 5
3 5 29 2
10 6 21 2
6 10 22 3
9 4 29 4
10 6 14 4
6 4 28 1
2 8 20 5
1 10 16 5
7 5 22 4
2 3 23 5
7 2 17 3
6 8 13 2
7 2 16 1
10 7 27 5
10 5 18 4
5 4 11 2
1 4 11 4
4 3 24 2
4 3 19 3
1 10 13 5
3 9 20 4
7 2 12 4
4 10 15 1
10 6 26 3
1 7 23 2
6 5 17 5
8 9 11 3
5 7 18 3
9 7 20 1
7 10 16 1
6 9 26 3
3 9 26 4
10 1 29 5
10 9 18 4
9 5 14 3
8 5 17 3
8 10 28 3
7 5 29 1
3 1 16 3
5 1 26 2
2 10 21 1
7 2 15 4
5 8 24 1
10 2 19 3
4 1 28 1
3 7 29 4
4 10 21 4
3 8 25 4
7 1 19 2
4 7 22 1
10 3 29 3
9 1 13 3
3 10 22 4
10 5 17 3
3 1 12 5
4 5 24 4
7 2 11 4
4 8 19 5
8 5 26 4
3 7 25 2
1 7 22 5
6 5 18 2
9 4 26 2
5 1 15 5
9 7 20 1
1 6 29 3
9 3 17 5
5 8 17 1
6 8 27 5
2 10 23 1
9 3 26 5
2 7 13 4
4 10 19 4
6 4 12 4
8 10 17 3
2 9 19 2
6 9 28 5
8 1 22 5
3 9 14 5
3 5 17 5
4 2 19 5
9 7 24 3
1 2 24 1
2 1 24 4
4 10 27 2
5 7 15 3
3 5 11 5
2 4 11 3
8 9 14 5
4 3 25 3
5 2 17 1
10 3 13 2
1 10 17 2
5 4 19 1
3 1 22 4
2 10 20 2
6 4 16 4
9 10 27 4
4 5 13 4
3 5 15 4
3 2 24 1
1 2 16 5
1 8 23 1
10 3 21 2
4 1 16 5
2 9 20 4
1 10 28 2
9 7 29 5
6 2 16 1
8 3 27 5
5 10 24 1
8 10 17 5
6 5 14 5
9 1 22 4
6 7 29 5
8 4 11 3
8 9 25 1
5 9 19 1
8 2 29 1
6 1 12 4
9 8 11 4
3 5 29 4
10 2 20 2
8 2 14 4