10 20
10 7
10 2 2 2
2 3 1 11
3 8 1 12
8 6 1 5
6 1 1 5
1 7 1 4
10 9 1 10
10 5 1 11
10 4 1 3
2 9 1 16
2 4 1 5
2 5 1 6
3 5 1 14
3 4 1 13
3 9 1 3
8 9 1 8
8 5 1 19
8 4 1 11
6 4 1 2
6 9 1 15
6 5 1 5
1 4 1 15
1 5 1 18
1 9 1 3
7 5 1 14
7 4 1 15
7 9 1 4
8 10 1 19
1 6 1 6
1 10 1 13
1 6 1 5
8 10 1 19
4 9 1 7
5 4 1 11
5 4 1 20
2 4 26 16
3 7 28 5
3 1 17 4
5 10 14 16
5 2 13 6
3 6 28 10
3 1 22 12
4 6 19 11
1 4 20 17
2 7 28 11
1 6 11 17
5 6 28 3
1 9 26 14
10 8 17 17
4 6 22 18
1 3 23 7
10 7 29 8
9 10 12 14
8 1 29 12
1 6 13 10
8 5 21 19
10 3 25 10
9 7 21 14
10 7 15 19
1 10 28 6
4 3 11 12
8 6 26 9
10 3 24 17
10 6 29 13
6 4 29 19
10 6 14 5
5 2 22 1
2 4 19 16
5 6 29 9
7 3 29 13
1 4 28 11
6 8 24 5
10 2 28 3
10 9 17 1
5 7 11 16
4 7 19 8
7 2 28 15
5 8 22 19
7 6 20 20
3 10 13 20
2 5 20 7
3 8 22 2
9 1 16 16
8 7 27 12
3 4 20 15
1 2 21 1
9 4 18 10
8 3 12 15
9 8 11 4
9 6 19 18
4 5 14 16
1 2 26 16
1 2 21 16
1 9 15 20
10 4 17 9
6 7 20 8
5 3 19 3
9 4 14 8
7 9 14 20
10 8 16 4
4 8 23 3
10 5 23 14
5 3 21 3
5 3 11 15
6 3 12 16
1 4 18 12
1 2 21 19
3 5 24 3
9 8 21 14
5 3 23 18
7 1 15 3
7 2 23 19
7 8 24 6
3 9 24 16
5 10 20 8
7 6 16 7
6 8 23 15
9 4 14 7
10 4 17 16
9 8 12 6
7 9 13 10
1 6 11 6
9 1 15 10
1 5 16 11
9 7 29 1
4 5 14 17
3 9 15 20
9 3 29 14
2 10 23 1
10 8 27 11
7 4 25 10
9 7 18 7
4 5 29 13
5 6 29 18
1 9 19 12
8 2 12 18
6 2 13 6
5 9 16 3
1 3 23 18
2 10 12 10
2 6 13 12
1 5 18 7
6 1 29 7
4 8 21 3
9 7 27 17
6 5 24 9
1 4 19 14
3 9 11 18
1 10 23 16
1 5 13 13
3 1 13 17
5 3 14 1
7 10 12 13
5 2 13 19
4 7 18 9
9 6 27 18
4 2 29 12
4 3 16 10
5 4 17 15
10 2 23 18
6 4 15 18
10 2 27 10
9 10 29 20
4 7 19 15
1 7 28 16
2 3 19 17
9 5 24 11
8 4 19 14
2 1 24 9
6 2 26 20
4 10 12 7
8 5 16 14
10 7 13 14
7 5 25 10
4 3 18 5
9 4 25 6
10 5 28 17
5 3 23 7
6 4 20 6
2 10 15 20
10 7 28 15
9 1 15 17
3 1 19 14
3 9 15 13
10 3 14 18
8 7 21 7
3 9 19 17
10 2 28 10
10 4 26 20
9 4 18 2
6 4 21 5
6 2 15 7
9 6 26 19
8 6 23 10
2 5 21 3
5 4 29 20
8 4 27 6
6 8 15 18
2 4 28 3
7 5 13 15
7 1 11 17
9 3 11 6
6 7 22 13
1 6 19 17
3 8 11 19
4 6 22 3
10 9 19 15
5 2 11 10
7 10 23 19
9 7 11 20
10 6 17 7
3 9 28 17
4 7 27 18
4 8 19 1
1 9 29 18
6 1 27 12
8 1 29 17
4 7 23 14
10 9 14 20
9 5 11 8
2 4 29 19
1 3 14 11
2 6 17 13
3 6 18 19
9 1 17 10
4 6 27 13
7 4 17 8
7 9 15 12
5 8 22 1
6 10 26 9
4 9 27 4
5 8 20 3
7 6 22 14
5 3 14 12
1 2 26 10
6 1 14 8
5 9 23 3
3 6 11 2
10 1 19 4
9 6 29 2
7 8 17 19
4 9 28 17
8 9 29 11
5 10 29 2
2 4 21 18
9 4 18 7
1 9 24 4
7 1 25 13
6 5 14 4
9 3 27 7
9 7 12 15
9 7 29 10
1 8 22 2
4 3 18 13
10 3 24 7
6 4 21 11
10 3 20 8
1 8 11 10
2 9 21 5
1 4 27 19
9 3 29 6
6 9 27 10
7 3 12 7
10 1 17 6
1 7 20 4
8 2 19 17
2 3 11 19
8 1 15 2
7 9 20 9
3 5 23 17
6 2 24 18
4 9 12 7
7 8 23 14
3 1 23 11
6 3 22 16
8 4 25 10
8 3 25 3
6 9 28 15
6 2 25 17
7 6 22 14
7 3 18 9
1 6 24 3
5 4 20 13
6 3 26 11
5 4 15 11
7 4 24 13
10 9 19 3
5 1 14 7
9 7 24 2
2 10 23 16
9 5 14 7
6 8 19 17
1 4 14 1
10 2 27 7
4 3 25 14
7 5 20 3
8 1 20 3
2 3 19 17
3 8 28 7
9 8 28 4
2 10 28 4
6 1 24 2
6 7 15 3
9 5 24 16
1 10 20 3
5 8 15 14
9 1 24 1
6 9 15 12
4 2 22 15
4 2 12 16
8 6 17 16
1 2 21 8
10 3 17 18
10 7 19 7
1 5 29 13
10 7 25 8
3 6 16 9
2 9 27 8
8 6 12 2
2 4 21 10
7 6 11 12
4 1 25 8
10 6 29 18
10 1 22 17
4 3 18 12
4 3 11 14
9 7 19 3
2 8 11 11
2 4 11 11
10 6 18 6
10 3 12 13
7 2 19 4
5 4 11 11
7 5 22 20
1 10 18 18
3 8 15 17
7 8 13 18
4 7 14 11
4 3 13 5
10 1 11 1
10 1 20 7
10 5 26 14
10 3 13 18
4 6 15 18
9 3 17 9
9 3 21 12
4 7 17 16
6 3 12 2
9 2 14 11
3 2 21 15
1 7 21 8
10 4 29 18
6 2 25 8
3 9 21 13
3 9 29 19
9 1 18 9
8 10 24 15
7 3 18 2
5 2 19 9
8 9 20 4
3 10 18 5
6 3 23 13
2 3 22 13
7 3 14 11
5 10 26 12
7 10 23 14
10 5 24 13
6 9 18 16
10 7 25 20
9 10 22 16
8 7 13 2
3 6 21 5
7 4 20 20
1 9 15 15
10 1 26 19
4 3 21 15
4 3 16 12
8 6 25 15
5 6 23 20
5 6 20 12
2 4 28 18
2 8 14 14
2 3 19 11
1 7 28 15
7 3 13 9
9 8 19 2
4 8 23 11
10 2 12 18
1 5 19 12
6 4 14 17
1 4 11 2
8 1 24 15
5 9 16 5
5 2 14 3
5 3 21 20
9 8 21 16
1 6 22 8
10 7 17 9
3 1 15 16
1 6 17 3
6 3 29 15
10 5 14 3
3 1 18 14
10 6 21 1
9 2 20 17
5 1 25 4
7 2 11 2
5 10 13 11
5 9 18 4
10 3 28 15
8 4 25 12
2 10 16 5
8 2 16 10
7 4 25 16
7 4 12 4
2 1 29 6
8 5 14 1
8 9 20 1
9 1 25 1
2 6 12 12
9 3 11 8
4 3 26 20
10 4 25 4
5 3 12 19
4 8 16 6
8 5 22 10
10 2 22 8
8 9 23 11
9 3 28 7
7 4 11 14
6 10 26 20
2 1 22 5
6 5 20 10
5 7 15 9
4 6 25 14
6 9 25 12
6 10 17 16
9 2 21 1
9 2 12 3
8 4 21 5
10 5 28 9
8 10 17 13
7 9 27 20
5 3 14 6
6 10 17 1
6 1 11 3
5 9 15 9
10 1 12 20
5 6 15 14
1 2 13 10
4 10 11 9
6 7 21 1
3 1 11 17
1 8 17 5
6 1 22 17
2 1 11 2
2 7 29 9
2 8 19 10
9 4 11 13
5 1 26 2
3 10 24 17
9 4 12 17
4 3 12 10
6 7 28 14
6 8 11 10
9 2 12 20
6 5 26 19
9 10 17 20
9 1 11 10
2 8 18 4
8 5 17 4
9 4 21 2
4 10 13 15
1 3 20 4
8 4 25 12
4 10 16 17
4 8 16 3
9 10 24 10
3 9 12 9
1 10 27 13
7 6 11 15
3 2 14 12
4 5 25 15
3 2 20 14
6 4 26 2
1 7 12 7
10 4 29 10
6 4 21 8
7 10 26 18
6 1 24 7
8 1 19 3
8 3 20 11
2 3 18 8
2 5 28 2
9 10 28 15
4 7 26 4
5 4 16 10
3 10 25 4
6 3 15 4
7 8 13 17
3 6 22 13
10 7 20 2
8 5 15 1
4 10 14 7
8 6 15 9
4 9 24 2
1 3 13 5
8 6 23 1
1 7 22 13
8 5 20 14
1 6 25 5
8 1 11 20
10 4 20 14
1 2 11 18
1 4 23 19
5 3 22 4
1 10 23 3
5 8 24 16
10 8 17 8
4 2 28 9
4 8 23 11
7 5 22 20
5 7 20 12
2 9 19 3
1 2 27 4
8 9 17 9
5 1 26 11
9 7 26 3
7 5 17 9
9 2 26 6
8 4 29 16
1 5 28 9
5 9 11 1
1 10 13 8
8 5 12 1
9 4 19 20
9 5 23 3
2 1 13 2
7 2 24 14
9 4 17 15
5 1 28 11
7 1 21 4
8 7 27 4
1 5 19 10
10 6 29 10
4 9 22 6
3 6 25 8
5 6 15 5
10 5 24 12
1 10 22 16
4 1 18 14
9 4 15 16
3 4 29 6
6 7 29 12
6 2 21 9
7 9 27 15
6 7 19 16
4 1 29 6
5 1 21 11
8 7 26 5
7 9 28 8
8 5 11 7
4 8 19 1
1 4 16 12
6 4 24 16
2 10 14 15
3 10 23 20
4 7 16 8
8 3 16 12
6 1 15 16
9 6 28 7
8 7 23 4
2 8 15 8
2 5 23 14
8 5 20 4
10 1 13 13
1 3 11 7
8 5 29 12
7 9 28 4
1 8 24 5
8 10 14 17
3 7 15 2
2 1 19 17
1 2 26 3
2 7 12 2
4 5 15 13
6 1 17 4
3 1 11 11
1 2 22 10
1 3 26 3
5 10 19 1
10 8 20 6
6 8 19 12
6 7 19 14
8 1 13 12
10 2 26 10
7 4 28 13
8 3 19 8
10 6 13 11
10 1 19 20
2 1 22 15
2 5 15 1
6 3 29 6
6 4 27 6
5 1 18 16
6 4 11 17
5 8 21 14
7 4 18 19
9 2 14 3
2 8 21 14
6 2 26 16
6 9 18 5
2 5 18 17
8 5 19 17
2 4 11 6
3 1 17 13
6 8 26 12
10 8 13 4
3 7 11 19
7 9 17 3
8 6 29 1
5 6 26 3
5 8 19 10
8 5 22 16
3 2 15 13
6 10 29 8
9 6 28 17
3 1 29 7
6 7 24 2
7 2 25 2
10 4 26 14
9 1 26 7
1 3 18 4
10 3 24 19
5 1 18 5
1 7 11 20
9 10 24 6
4 8 28 6
2 7 22 7
5 1 20 2
9 4 26 9
2 3 11 18
8 10 12 8
7 10 11 17
9 1 28 6
8 2 23 4
4 1 13 9
2 10 16 10
8 1 24 13
5 7 17 3
2 8 23 15
8 10 11 6
4 10 23 13
7 1 21 19
1 5 24 17
5 6 16 12
3 9 23 18
3 5 19 18
4 7 19 8
2 8 26 14
7 10 19 9
4 7 20 18
4 8 14 12
5 2 13 19
10 6 23 18
2 10 13 3
9 7 23 14
2 9 26 17
7 2 28 17
9 1 18 2
3 7 21 6
6 10 16 1
2 7 18 18
9 5 15 16
5 7 20 17
4 2 22 2
3 2 28 5
2 1 29 9
6 8 15 19
9 5 29 17
5 1 19 20
7 2 27 17
3 6 12 3
3 4 26 20
8 4 15 11
7 2 11 20
7 1 22 4
10 3 25 3
10 8 28 10
4 8 19 17
5 7 20 1
3 8 28 18
6 10 23 16
8 5 13 9
2 8 29 20
9 10 12 12
6 10 17 4
10 9 14 14
9 5 27 8
5 3 23 17
2 5 20 2
7 5 17 15
7 5 29 10
5 7 21 2
1 6 14 6
9 5 13 2
7 2 21 14
2 3 23 19
1 2 25 1
3 5 18 7
8 7 25 6
3 9 14 8
4 6 23 18
2 9 23 15
7 5 19 2
2 5 12 9
4 9 17 16
5 1 19 17
4 1 14 7
4 6 26 15
7 9 29 6
5 10 23 20
3 4 27 18
6 7 15 3
3 4 24 5
1 10 27 8
9 2 15 14
1 7 25 14
1 5 17 1
7 9 12 7
9 2 17 16
7 3 27 6
5 2 24 10
6 5 29 10
6 4 26 15
4 1 18 10
10 2 16 10
2 4 28 3
2 7 12 12
10 3 18 6
10 7 28 5
5 10 16 20
10 7 27 5
6 8 12 7
8 7 16 20
4 6 22 6
4 6 17 5
1 2 13 20
10 1 19 3
4 1 15 2
10 6 22 8
6 5 26 7
5 3 13 12
2 3 12 15
4 8 29 17
7 1 21 11
9 6 17 12
9 7 21 18
1 4 21 9
1 7 21 6
10 3 19 17
2 1 23 13
4 5 24 17
9 7 14 15
4 2 22 7
6 9 25 15
9 8 28 2
4 1 23 9
8 3 18 7
6 8 27 18
5 8 22 3
4 2 28 15
6 3 19 9
1 9 28 19
9 5 16 8
2 6 18 1
6 8 21 7
5 6 15 18
9 3 17 10
5 3 25 16
3 9 17 13
3 7 18 11
1 2 15 5
10 1 24 9
1 7 11 13
8 5 29 17
5 4 20 4
3 4 12 15
5 6 15 8
10 2 11 7
1 8 17 13
4 6 24 11
7 8 21 10
8 10 26 5
4 9 14 9
8 4 19 16
5 6 22 7
4 5 20 10
4 6 20 17
2 3 18 19
9 6 25 12
3 9 19 11
3 7 15 12
6 1 27 20
5 8 24 14
5 9 29 9
10 8 29 4
9 1 11 20
6 10 28 6
10 9 19 11
3 4 18 3
3 5 15 14
4 1 23 16
5 10 24 6
9 3 22 3
6 7 26 9
3 10 13 3
10 7 23 12
1 9 21 19
7 1 14 19
5 3 17 10
4 1 20 4
3 2 18 8
8 10 19 9
8 1 26 1
2 7 24 13
6 1 20 7
10 9 16 17
10 5 11 4
8 2 27 20
6 3 14 17
2 9 19 10
1 5 18 5
8 5 18 7
5 9 18 10
6 1 23 16
5 9 20 18
3 4 15 5
7 9 11 6
6 3 29 5
5 8 20 17
1 2 16 16
6 2 14 6
5 2 12 13
9 8 21 1
8 4 28 16
10 7 19 20
1 6 29 19
7 3 28 5
9 3 23 20
6 5 16 1
1 7 14 6
3 6 22 13
1 4 23 14
1 9 23 7
3 2 16 19
7 3 25 6
4 6 17 5
3 10 15 17
8 2 29 14
6 1 11 16
4 7 15 12
3 1 13 4
5 9 15 7
7 8 25 6
8 1 17 8
1 5 13 3
10 3 25 6
3 2 22 17
7 1 11 7
8 7 27 8
2 5 19 19
8 6 14 10
9 10 20 15
5 9 17 2
5 7 24 1
6 8 20 10
9 10 18 3
4 9 18 14
2 5 22 16
2 4 12 6
3 8 20 12
4 2 13 16
2 9 17 7
9 2 26 2
8 3 13 11
3 1 18 20
6 7 21 17
1 10 15 13
1 5 15 5
5 7 22 3
5 10 13 1
8 10 13 6
1 6 20 16
8 1 25 14
2 7 12 1
1 4 14 14
10 2 12 13
6 1 16 4
3 4 28 13
3 1 26 3
9 2 11 13
10 1 26 7
9 4 27 20
9 1 21 7
1 10 27 18
4 3 29 13
7 10 23 3
5 2 25 16
2 6 22 15
2 1 25 8
9 8 29 4
10 5 21 16
4 10 18 5
2 5 28 17
7 3 16 9
9 7 28 14
2 10 23 5
5 3 27 9
9 1 16 17
4 3 27 2
10 5 13 12
4 6 24 6
4 7 17 19
10 4 26 6
4 3 11 18
8 5 23 4
10 2 19 6
6 9 20 3
5 6 22 10
2 9 22 10
3 6 19 8
8 2 21 15
4 6 20 15
3 8 17 10
5 9 17 8
2 4 26 19
1 3 13 15
6 3 13 6
6 5 23 1
6 10 20 5
6 8 21 8
9 7 12 9
4 10 13 10
6 7 28 18
5 1 26 7
6 8 15 2
6 7 14 13
4 1 15 20
1 10 29 11
5 10 11 20
10 3 18 10
6 8 21 17
1 4 17 5
8 3 13 3
4 9 23 10
6 5 14 10
6 1 22 15
5 3 21 2
3 9 13 12
2 7 22 11
8 10 27 17
8 3 28 15
10 5 25 20
5 3 20 4
3 4 27 1
4 9 13 12
9 2 19 16
3 8 21 4
1 10 18 18
7 2 16 2
10 5 20 4
7 8 12 13
9 3 18 6
9 5 24 11
9 7 11 11
1 9 20 9
8 10 29 15
7 6 26 1
3 2 18 7
4 10 11 17
9 1 26 2
2 4 14 3
9 5 17 11
2 1 20 11
10 4 15 7
7 6 12 11
6 7 27 11
10 1 11 6
1 2 22 5
2 10 15 17
8 2 14 4
6 4 19 6
8 7 12 19
3 5 19 2
5 6 18 1
7 8 29 4
3 7 27 18
5 4 11 13
6 9 21 14
2 1 14 17
2 4 21 1
10 7 20 7
4 10 23 3
3 5 21 13
5 4 17 14
9 6 21 17
7 3 20 1
2 4 23 8
4 3 11 20
4 1 24 20
10 9 17 20
4 9 27 1
2 8 17 6
10 5 29 19
9 6 28 15
4 2 11 19
3 8 26 14
3 4 20 5
5 2 26 12
6 1 26 13
10 6 19 11
4 8 21 16
10 5 28 19
7 6 12 16
10 3 17 18
9 8 29 13
4 5 27 6
10 2 25 13
1 5 20 9
5 2 27 12
1 2 29 7
7 5 24 17
5 9 27 20
7 9 19 10
4 8 19 11
2 1 13 11
7 10 14 17
9 3 15 12
8 2 21 13
6 3 22 11
5 6 25 9
1 8 26 8
2 4 19 18
3 6 13 11
10 1 26 6
1 4 22 20
2 5 22 9
5 2 12 11
7 3 14 3
1 5 21 1
5 1 11 16
10 8 25 8
8 10 14 7
5 7 12 5
8 5 21 3
5 6 28 16
4 9 19 11
7 6 20 7
10 3 12 20
9 5 18 18
6 5 22 18
8 5 16 13
6 4 20 19
4 3 27 17
8 2 19 9
8 3 14 14
5 2 29 20
8 10 22 17
1 6 17 12
1 6 27 8
4 2 11 8
3 1 25 19
9 4 24 5
4 5 25 16
3 6 23 4
1 8 13 19
6 9 13 4
9 1 19 10
9 1 24 11
3 1 13 7
1 4 21 17
2 9 14 19
1 5 27 10
8 9 21 3
2 3 17 9
7 1 11 7
5 6 24 14
1 9 23 12
9 5 12 13
4 2 29 20
10 1 17 20
7 10 13 16
10 6 24 7
6 7 11 16
4 7 15 14
6 1 27 2
9 1 23 7
8 4 15 1
8 4 23 3
1 6 12 10
8 9 25 5
4 1 27 5
7 8 15 10
6 7 28 12
4 1 23 1
6 4 24 19
7 2 16 14
4 1 15 4
1 7 19 10
5 9 13 2
6 7 17 7
5 7 11 13
10 4 23 3
9 8 16 9
6 9 18 9
9 4 17 12
5 7 28 4
1 5 29 16
10 1 24 20
1 8 24 3
4 3 18 6
8 9 16 2
8 6 13 14
10 8 26 12
1 2 27 14
10 6 12 18
3 2 15 12
9 3 18 19
2 3 24 6
2 7 19 9
10 4 27 7
3 8 25 13
4 6 18 12
10 5 18 16
8 3 15 1
6 8 25 19
8 2 15 3
9 7 14 19
1 4 25 5
9 3 18 2
10 5 20 15
7 10 13 16
10 9 21 7
2 3 21 5
5 9 20 9
6 7 28 4
7 1 13 3
9 3 12 17
7 5 24 9
4 8 25 7
4 3 23 15
7 8 28 3
10 6 14 19
4 1 22 15
4 5 21 7
7 9 19 3
5 3 15 15
4 3 27 6
4 6 28 1
5 10 23 4
8 9 22 9
10 3 27 10
5 7 17 15
9 3 19 10
2 9 28 5
5 10 24 18
7 10 24 11
10 5 17 3
9 8 26 5
5 8 13 11
9 1 26 1
9 2 15 7
1 6 16 7
9 10 26 8
4 5 29 20
4 3 24 3
9 3 21 1
3 2 22 15
5 1 29 18
1 5 26 13
6 10 20 20
4 2 22 6
7 10 20 6
1 10 22 7
9 10 22 8
3 1 27 3
7 5 29 13
7 5 28 16
10 5 26 9
2 4 23 15
9 2 21 12
5 4 14 15
3 1 24 4
7 1 15 19
10 2 23 14
10 9 22 1
8 6 16 7
1 2 22 2
8 5 16 6
5 4 15 8
3 6 22 17
5 10 19 10
4 6 25 2
3 8 19 10
8 4 27 19
2 6 25 13
1 10 25 13
6 7 11 9
7 5 21 4
1 9 14 19
9 2 15 6
2 9 18 17
6 10 12 6
8 2 13 17
2 5 26 5
9 10 24 5
5 8 12 11
7 9 17 18
9 7 17 12
8 9 14 9
10 7 23 11
2 1 21 6
4 3 27 14
7 1 28 16
5 6 27 12
1 7 13 3
10 8 18 15
4 1 11 16
9 4 20 7
4 9 15 16
2 9 26 5
2 9 20 8
10 6 18 19
8 7 16 14
5 9 25 6
2 1 23 12
5 8 21 17
4 6 14 6
2 5 19 7
1 3 25 19
4 1 25 7
5 7 29 6
7 3 13 19
4 1 24 20
8 6 15 20
2 6 23 15
2 9 25 4
9 3 21 9
8 9 24 5
6 1 21 4
9 1 11 10
10 1 27 7
2 3 12 16
9 5 14 4
8 4 18 10
2 1 21 11
10 9 14 19
6 7 17 18
9 2 22 6
7 6 11 2
8 9 24 9
10 7 23 18
2 6 19 14
6 8 28 4
2 5 29 18
5 10 26 3
5 10 14 2
7 9 18 7
4 1 19 13
6 5 20 12
9 7 11 15
4 2 11 15
10 8 22 15
9 7 11 7
3 4 22 19
3 8 16 7
8 2 12 4
2 8 11 16
2 5 28 18
7 9 17 6
6 4 21 16
7 2 28 9
10 7 24 3
6 3 29 11
2 7 11 4
4 2 16 20
10 8 12 11
6 9 22 5
1 4 18 12
7 3 17 1
8 9 27 4
9 2 17 5
2 7 25 3
10 4 17 13
6 9 11 20
4 7 13 16
9 8 25 1
10 6 11 10
2 1 28 3
8 5 18 19
4 2 28 14
6 9 13 7
3 10 21 2
1 2 24 13
7 9 29 4
3 7 19 8
5 1 14 12
2 5 22 19
4 3 14 17
5 7 15 11
2 5 11 14
3 2 16 4
8 9 22 20
7 3 14 19
8 10 19 5
6 7 17 6
2 9 20 17
5 8 22 13
10 7 13 13
3 9 26 10
1 8 29 2
6 10 21 10
9 10 17 10
3 6 23 10
2 10 16 8
7 6 26 16
6 5 29 15
8 4 19 8
5 4 23 17
10 5 22 16
4 7 11 11
3 2 13 3
9 3 14 5
5 3 14 8
3 10 28 19
7 6 22 5
8 1 11 3
2 9 24 17
1 3 27 5
10 8 28 12
4 1 22 10
10 2 21 12
6 3 12 7
6 8 29 15
10 2 26 16
10 8 16 17
3 8 15 8
5 8 24 10
4 7 11 19
7 10 25 1
5 10 11 12
5 8 19 2
4 9 25 5
3 7 29 3
10 1 15 13
1 2 17 14
5 7 14 1
2 5 19 1
2 3 18 5
4 10 18 11
5 7 25 15
9 1 11 11
5 2 22 4
3 7 11 17
9 1 13 13
6 10 12 15
9 8 25 5
9 2 19 6
6 4 19 15
4 10 24 5
10 1 15 6
5 3 21 16
8 6 24 10
3 2 22 2
8 1 18 18
4 3 24 20
4 2 26 9
6 1 14 20
3 10 29 16
10 4 28 10
10 7 17 12
2 9 13 14
7 1 11 5
5 3 28 14
9 10 27 2
4 5 14 18
8 2 13 14
9 7 19 2
7 2 14 1
4 10 11 3
4 9 16 18
7 9 17 17
9 7 25 3
4 7 25 5
5 10 15 1
1 4 29 14
2 1 21 17
2 3 12 7
4 3 11 15
7 6 18 17
3 7 16 14
4 5 19 20
3 5 25 7
2 5 15 6
8 5 24 4
6 8 18 5
9 1 28 12
9 8 12 5
9 5 28 8
1 7 25 18
4 7 24 20
5 9 14 9
4 5 13 14
2 4 18 14
10 5 28 14
2 8 12 18
5 2 14 12
6 2 24 1
7 5 28 11
7 8 11 7
6 8 18 12
4 5 13 14
6 2 16 2
10 3 25 2
1 6 23 7
7 5 13 19
9 10 12 7
5 2 18 10
4 10 27 3
3 6 13 13
4 1 19 13
7 1 28 17
8 4 22 18
1 7 15 8
3 2 11 13
10 6 19 19
8 5 28 19
9 6 15 20
9 1 18 4
1 10 24 8
7 3 20 10
9 2 21 6
5 10 29 13
10 5 21 19
7 5 27 18
4 1 23 12
3 10 20 4
8 7 24 13
3 10 11 6
1 5 20 19
4 10 17 17
8 5 26 7
4 5 22 9
7 4 18 5
8 4 27 1
6 3 24 4
7 4 24 8
2 10 11 18
10 2 24 18
4 5 25 17
8 6 17 12
6 9 20 19
2 6 17 18
9 7 26 8
5 2 12 12
2 7 28 14
10 5 17 10
5 3 29 6
2 6 14 2
9 5 19 7
5 3 19 5
10 9 27 18
5 3 17 7
1 3 28 2
10 4 21 20
9 6 25 10
10 9 16 13
8 4 12 9
3 1 19 12
5 9 24 2
10 7 17 2
9 1 27 9
9 3 20 5
1 10 14 19
3 4 15 18
5 4 26 4
7 4 16 14
4 5 22 19
8 2 25 3
6 8 28 16
9 8 13 13
4 6 22 17
4 8 28 5
4 9 19 4
9 6 18 17
2 5 11 1
9 5 23 12
9 1 24 9
1 9 19 11
8 5 27 7
4 7 18 19
3 9 27 19
5 3 26 19
5 3 26 11
2 5 12 17
5 7 12 4
5 1 22 14
2 1 27 3
1 4 29 18
4 1 21 14
3 2 22 11
5 2 12 15
5 7 22 10
4 7 26 4
10 8 14 14
5 2 15 9
1 8 23 9
8 7 17 6
10 9 23 19
5 7 24 4
10 8 22 8
10 6 17 4
4 1 15 12
2 8 17 19
2 1 26 4
3 6 20 10
9 6 27 2
1 9 17 5
2 4 28 2
4 5 11 17
3 2 21 8
9 10 27 11
1 3 16 18
1 7 11 17
2 3 11 4
6 4 23 18
9 8 27 5
5 2 23 5
6 8 28 8
6 5 12 1
1 5 18 15
4 10 21 15
9 6 17 18
5 9 13 20
8 7 11 5
2 3 29 3
9 8 16 13
9 4 25 16
5 1 26 7
2 4 25 4
5 8 27 4
3 7 23 2
5 1 22 12
1 3 22 3
8 7 24 4
5 10 22 19
7 1 21 16
4 2 15 8
3 2 21 11
9 1 17 13
9 1 16 5
7 9 28 10
2 4 11 20
8 6 12 1
4 7 17 2
7 1 19 2
2 6 19 7
10 8 12 18
5 1 25 19
5 3 27 11
7 2 24 1
9 10 11 11
4 10 20 11
6 2 26 18
3 8 17 12
8 4 13 15
8 3 22 14
7 4 28 14
7 1 24 13
1 5 11 9
4 8 23 14
4 6 16 16
7 10 19 20
9 1 23 16
4 5 13 3
10 5 19 15
6 10 18 14
5 8 22 7
8 1 13 15
2 1 17 13
7 10 17 12
5 1 28 6
6 9 29 18
9 3 24 20
10 8 21 15
2 7 25 6
8 4 21 14
6 7 29 17
7 4 27 19
1 4 16 1
2 4 20 3
2 7 12 6
1 10 13 6
1 2 26 19
2 10 28 5
5 9 23 19
4 5 20 6
7 9 13 20
1 6 20 5
2 7 19 15
2 6 17 9
9 7 29 18
6 8 22 3
6 1 28 20
8 1 26 12
6 8 13 3
6 10 26 11
4 6 25 7
1 3 19 6
5 9 12 3
9 8 21 6
6 3 26 8
5 8 25 15
6 8 21 15
9 1 12 13
2 10 11 13
5 1 19 4
2 6 27 12
10 4 14 3
9 3 23 13
9 6 23 5
7 6 17 18
9 10 22 9
3 9 25 12
10 7 12 7
7 2 20 2
9 5 15 16
8 5 22 10
3 8 15 6
5 4 20 3
9 7 25 10
4 1 19 12
2 7 17 20
9 7 27 14
9 5 16 13
8 2 15 17
1 7 28 4
1 7 11 9
10 1 27 3
6 5 11 17
5 9 24 14
4 9 13 6
7 10 20 12
5 1 16 10
6 1 12 9
10 4 29 4
10 5 27 19
5 4 12 4
2 3 28 19
3 5 24 12
9 7 28 12
8 7 23 17
10 5 13 5
3 10 22 19
1 4 19 15
7 1 17 12
6 5 19 4
7 3 26 20
5 7 21 13
4 8 12 4
6 2 28 12
2 10 15 2
6 7 13 7
4 6 23 6
7 8 13 9
3 7 26 3
1 5 21 12
8 9 16 13
5 7 15 14
4 8 14 6
2 7 11 15
3 5 20 16
3 5 26 19
1 7 22 16
7 8 15 12
7 2 25 8
5 7 13 2
5 1 17 16
6 4 26 2
10 9 17 1
5 2 25 15
7 1 24 17
9 6 11 3
3 6 13 4
2 9 14 3
2 5 28 5
3 9 17 11
3 1 12 17
3 9 25 11
3 6 25 14
1 4 24 10
1 8 21 16
1 10 24 6
2 6 13 2
10 9 22 16
3 7 18 4
2 3 21 19
5 10 27 10
9 7 12 7
9 2 23 5
5 3 27 14
4 8 20 11
10 2 29 18
5 7 11 1
8 5 26 2
6 1 19 15
3 1 18 2
1 8 27 5
10 1 13 6
1 10 25 9
7 10 24 4
10 7 18 19
3 9 21 14
3 4 16 13
6 10 14 8
2 10 26 15
6 5 19 10
1 9 17 12
7 1 26 13
2 7 18 6
10 8 16 4
9 10 21 17
9 2 22 3
7 6 17 9
2 10 21 10
2 10 23 6
5 1 26 11
9 10 14 4
1 8 11 14
7 1 29 9
6 7 28 14
3 8 16 6
1 5 22 12
5 2 22 19
4 3 14 15
1 5 22 11
9 10 11 13
3 2 28 19
2 6 21 6
1 3 21 16
8 2 17 14
6 1 17 16
10 8 22 16
2 8 20 2
5 3 16 17
4 3 15 10
4 2 26 9
7 6 22 19
1 2 29 14
8 9 11 19
8 9 14 9
4 6 12 1
5 4 26 19
9 5 23 9
1 7 19 9
8 7 12 18
2 4 27 19
1 3 21 5
1 6 11 7
10 4 12 3
3 6 22 19
2 10 11 15
2 8 18 20
4 9 21 3
5 4 23 18
2 7 20 12
2 6 21 12
8 3 24 19
8 5 22 19
2 8 14 10
3 6 28 14
9 5 23 16
9 7 24 3
4 9 12 11
7 8 11 3
7 4 20 17
7 2 26 20
3 4 19 13
10 9 14 3
7 3 22 1
8 6 19 5
3 4 21 1
3 5 28 15
8 5 22 17
1 10 28 20
8 2 28 5
5 1 27 18
6 1 17 1
2 7 26 11
9 6 18 5
9 5 19 9
2 1 23 14
4 3 11 9
4 7 29 18
9 5 26 11
4 2 15 9
2 9 11 14
4 9 23 10
4 6 18 16
7 8 23 6
2 5 26 9
6 2 29 3
7 8 29 18
1 8 18 1
10 5 23 2
4 2 19 2
1 4 26 13
5 3 21 1
2 4 20 1
6 3 15 15
3 7 15 19
8 4 20 7
7 4 21 13
3 1 12 17
6 2 14 20
9 7 19 17
4 2 11 3
10 5 22 9
5 4 24 5
4 6 27 6
2 9 13 5
7 5 11 13
10 4 17 18
6 10 15 3
6 5 13 15
10 4 19 20
3 10 18 6
7 8 16 18
3 10 21 2
7 6 26 12
10 1 29 12
6 1 13 11
6 3 23 6
7 5 13 13
7 4 23 5
9 6 29 8
7 8 20 8
5 4 22 16
9 2 11 3
8 7 20 13
10 9 20 4
3 5 19 11
3 10 20 8
6 10 18 18
4 7 28 9
10 6 28 16
6 7 20 7
1 5 18 1
4 3 27 4
10 9 21 5
10 5 21 19
10 9 23 10
5 3 28 16
4 10 15 1
8 9 11 7
2 5 24 4
2 5 15 16
2 6 17 11
9 5 12 13
5 7 19 17
4 9 13 10
7 1 26 16
8 2 15 9
7 6 29 17
6 10 28 13
2 9 26 3
2 9 15 7
8 2 24 9
5 4 12 18
7 3 12 7
7 10 18 12
6 2 21 14
8 6 22 19
7 2 28 13
8 7 19 4
2 1 21 1
2 10 16 3
6 8 18 4
3 10 21 2
10 5 19 7
8 4 12 14
5 10 13 8
1 10 18 16
7 8 20 20
2 5 12 9
5 8 15 6
4 3 12 8
1 4 13 17
3 2 15 17
5 9 17 17
3 10 29 18
7 2 15 1
3 5 19 3
2 6 19 19
10 1 25 18
2 4 29 9
2 6 14 9
4 5 25 20
1 4 18 7
3 6 19 2
8 7 14 13
10 1 11 17
3 1 18 18
7 6 15 16
8 6 27 20
5 7 24 13
6 7 19 14
7 1 21 2
1 5 27 5
2 6 22 6
7 5 20 7
9 6 24 2
4 6 17 5
8 4 16 14
10 9 15 1
3 8 28 20
6 10 11 20
1 5 14 15
1 2 16 6
5 2 20 2
10 2 17 17
5 1 22 20
4 2 13 2
5 6 13 20
4 7 12 16
6 10 11 20
9 10 24 20
8 4 20 10
1 9 20 1
6 5 28 20
1 8 29 9
6 9 19 19
3 2 12 5
3 9 14 2
8 9 11 6
5 10 26 11
4 10 19 17
8 6 11 16
3 7 11 8
7 9 23 12
1 3 17 12
8 10 28 9
10 3 25 3
9 2 25 18
3 2 21 19
10 4 19 12
10 6 13 9
2 9 28 5
4 1 24 14
4 10 12 16
4 6 15 20
8 2 21 11
8 5 11 19
2 4 29 13
8 3 26 11
6 3 12 16
10 9 14 1
3 10 23 18
9 4 25 16
9 6 21 17
4 10 26 14
10 8 15 18
1 6 13 1
7 2 13 17
6 10 17 19
7 9 12 1
9 7 25 3
5 10 23 10
1 10 17 2
6 7 23 17
5 6 26 11
5 4 26 11
1 10 16 18
2 6 13 5
1 6 21 11
10 9 17 11
8 3 23 16
10 9 12 8
7 5 14 9
1 5 11 11
10 8 22 8
1 6 16 16
4 9 16 3
7 5 14 5
9 8 13 4
2 1 21 14
10 1 14 5
8 10 28 2
9 1 25 20
4 7 14 11
8 3 19 4
2 7 16 6
8 1 13 1
6 10 23 2
5 9 16 10
5 2 18 3
5 2 11 13
10 1 13 4
4 5 18 9
3 10 27 9
1 6 20 1
8 1 20 16
4 9 11 9
4 6 12 4
9 1 11 20
10 3 17 10
3 8 18 11
3 7 20 11
10 5 14 11
1 3 15 5
5 8 11 1
7 2 27 20
10 2 28 8
5 2 12 5
8 4 15 13
2 6 19 17
7 1 27 18
5 9 28 10
8 4 26 5
2 9 11 1
10 2 25 8
3 4 11 10
2 8 28 11
2 7 26 9
9 7 27 12
1 9 26 14
6 9 22 19
5 2 12 17
4 8 12 12
1 2 13 13
2 4 24 13
2 8 20 19
8 1 21 19
2 9 16 13
6 3 20 18
7 6 20 6
2 9 28 7
9 5 29 16
10 2 25 2
7 10 21 5
5 4 17 15
2 6 13 1
8 10 28 12
10 5 24 17
2 9 18 9
2 10 27 19
6 5 19 10
9 4 14 6
6 3 25 4
6 7 14 7
4 8 14 17
9 10 11 11
4 6 16 8
8 7 23 3
5 10 26 3
4 7 16 2
3 1 27 13
9 8 26 6
9 2 28 17
7 5 20 4
4 8 28 20
8 5 20 1
5 2 12 20
6 1 26 15
7 1 26 4
8 10 20 4
7 10 18 1
9 7 17 15
8 6 25 12
5 1 24 17
5 2 13 13
1 10 12 13
10 3 14 20
5 8 24 16
2 4 11 16
9 3 18 20
8 1 28 18
2 4 26 9
9 8 21 20
8 1 19 7
9 5 12 8
10 3 16 17
3 9 12 11
9 2 18 17
7 8 26 19
2 1 12 6
7 3 19 9
5 3 13 7
7 9 15 16
1 9 22 11
2 5 19 2
9 7 24 16
5 1 28 15
7 8 19 7
4 5 11 5
7 3 17 5
6 10 25 4
4 1 29 15
2 8 11 13
10 1 25 17
3 10 15 8
5 6 22 8
8 9 19 16
7 2 15 18
5 8 29 18
6 5 19 8
8 2 14 12
3 8 12 4
1 3 27 20
10 1 21 17
6 3 22 5
7 2 21 8
5 1 11 10
8 9 15 4
3 10 26 15
8 5 29 20
9 4 16 7
6 1 18 5
9 5 13 19
4 2 25 20
8 3 11 20
3 7 17 11
10 4 13 20
10 4 25 12
5 7 26 18
4 10 25 6
3 8 21 18
7 1 25 20
4 7 28 9
3 1 24 5
9 1 27 2
9 1 19 7
1 10 23 14
7 4 13 12
6 2 12 15
4 8 13 3
9 10 17 9
1 5 19 13
4 1 11 14
3 1 24 1
8 10 21 20
1 3 13 5
3 8 21 4
10 3 22 19
5 1 16 17
10 3 16 3
5 7 24 1
3 5 12 12
9 10 29 3
2 5 29 18
6 3 18 4
6 5 18 18
2 6 29 1
4 3 13 2
6 7 28 2
2 8 13 19
8 9 13 14
3 8 12 18
6 1 17 19
7 6 27 20
8 3 20 11
9 2 22 3
8 1 13 14
4 7 20 14
8 3 15 1
1 6 26 7
3 4 15 10
7 4 26 11
6 9 17 6
3 4 18 12
3 4 19 9
4 6 28 1
1 6 29 13
6 8 13 5
7 1 21 15
6 7 27 12
4 6 29 5
2 5 22 20
8 1 27 3
2 8 17 19
2 10 21 17
9 1 22 18
2 6 16 10
4 1 14 7
9 2 19 1
7 3 29 13
7 6 12 19
3 10 23 9
10 1 11 16
1 9 21 12
1 7 16 13
10 6 19 17
3 10 26 16
10 8 13 2
1 5 17 18
8 10 17 8
8 9 25 5
8 3 29 16
9 6 29 17
10 7 17 12
5 9 25 16
1 8 29 18
5 4 25 3
1 7 27 7
10 7 20 14
6 8 29 14
6 5 29 9
9 1 13 8
1 10 29 6
4 6 21 12
3 9 13 20
3 8 19 6
8 4 19 16
10 4 20 15
5 7 23 11
4 1 28 14
10 1 25 11
8 9 20 5
8 4 20 14
1 6 28 10
10 5 28 14
5 3 17 4
1 5 29 11
10 2 23 2
9 3 13 4
4 8 19 13
1 9 26 18
5 7 16 16
7 3 26 1
2 8 23 11
4 6 16 8
9 3 24 14
3 8 17 4
9 10 27 1
2 10 11 14
2 9 24 18
10 5 19 10
6 1 29 10
4 8 22 10
4 2 14 16
4 10 22 19
1 3 15 16
2 4 20 15
1 10 24 13
2 7 21 13
9 4 16 7
6 1 24 10
10 7 26 11
1 2 28 2
3 2 22 18
6 1 23 8
9 3 25 6
8 5 19 12
9 5 21 15
2 10 25 15
7 8 21 16
3 5 14 5
3 9 23 9
3 5 11 15
8 10 12 2
10 5 16 5
4 2 26 4
7 1 20 14
8 5 16 12
1 2 29 18
9 1 25 9
6 9 16 20
4 6 18 3
8 9 13 2
3 5 18 18
10 3 13 17
6 9 24 19
3 4 27 18
5 8 22 12
2 7 25 13
7 8 19 17
2 1 22 1
7 10 21 6
9 3 23 17
7 8 26 6
6 9 24 20
5 3 11 8
6 8 14 18
1 8 14 18
4 7 29 16
5 1 22 11
2 6 25 2
3 2 20 1
6 2 22 18
9 10 25 9
8 10 22 4
3 10 25 18
4 8 29 20
7 5 27 1
8 5 19 12
9 3 17 10
2 6 22 2
6 3 25 17
4 9 21 12
6 3 19 15
5 4 24 11
6 8 22 12
3 10 19 19
1 9 21 15
6 7 18 1
4 6 24 13
1 4 15 7
5 9 21 8
4 5 21 17
1 10 14 7
5 6 19 4
2 6 14 17
9 10 20 16
9 7 26 12
3 6 12 5
1 2 27 12
4 2 24 10
6 8 18 10
9 1 26 17
4 7 25 20
4 1 28 20
7 6 27 11
10 1 16 11
7 3 17 17
6 1 11 8
6 1 11 6
4 6 19 18
1 6 22 17
9 4 19 13
5 2 11 17
9 6 19 5
8 4 28 10
9 10 21 4
2 9 21 3
2 8 18 1
5 3 12 12
10 6 15 2
5 2 14 11
9 2 20 8
2 8 22 3
3 8 18 11
9 5 29 12
5 6 12 3
5 3 26 8
3 6 17 10
6 4 25 5
2 1 16 13
2 3 14 10
2 8 20 13
5 1 14 12
7 8 11 13
7 4 25 8
4 8 19 15
3 8 28 2
8 10 12 20
2 10 19 4
2 1 20 7
1 9 17 19
7 4 20 12
10 2 28 17
10 8 17 8
4 5 28 15
8 1 14 19
5 8 25 2
8 4 20 1
7 2 11 14
9 6 16 6
3 9 14 9
8 7 21 8
2 8 27 16
9 1 29 3
7 9 21 10
6 2 21 16
8 5 22 5
1 5 24 7
1 5 19 5
9 8 23 15
10 8 27 15
10 2 17 4
2 8 17 9
3 5 11 17
4 5 26 1
5 4 14 7
3 5 13 17
8 5 18 7
4 6 12 16
9 2 19 15
7 2 17 18
5 8 18 4
6 3 12 2
7 4 14 13
7 10 26 6
9 3 28 10
2 4 15 14
9 8 12 19
8 9 24 7
8 10 22 8
2 5 17 10
10 6 20 17
5 1 18 15
3 5 20 14
3 6 23 7
10 3 25 4
7 5 18 13
2 7 13 20
4 8 23 17
4 5 27 19
7 2 21 12
7 3 23 9
6 5 19 19
6 7 29 4
7 4 24 3
7 5 15 6
5 8 11 2
10 5 16 16
9 1 11 2
5 6 11 8
6 8 24 9
8 3 12 18
8 2 13 18
2 10 28 12
7 10 11 7
7 10 16 15
7 10 17 3
8 3 27 12
3 8 27 18
4 5 17 19
2 5 19 14
3 1 29 10
9 5 27 8
1 6 23 4
6 4 27 14
3 10 29 16
8 2 12 8
8 2 13 1
3 7 15 10
2 7 12 15
5 7 29 8
6 5 13 19
8 3 28 3
6 8 16 3
10 7 17 19
8 9 24 11
2 10 19 5
1 6 22 12
5 4 19 17
10 3 25 15
9 1 11 9
2 8 23 7
4 6 19 18
4 3 13 3
9 3 25 3
1 6 24 7
4 6 29 8
1 8 14 18
2 1 13 8
5 3 17 5
8 2 26 11
10 8 26 1
1 7 15 1
5 4 19 5
10 2 26 8
1 4 21 9
6 4 14 7
4 6 22 3
6 9 23 15
7 1 29 13
4 9 14 12
4 5 27 14
4 5 21 12
8 2 20 1
10 4 22 4
4 9 11 7
8 10 19 17
1 5 27 8
10 1 22 17
8 6 18 2
10 5 16 16
7 10 18 8
7 3 15 10
1 5 29 17
4 8 13 15
9 10 22 3
3 9 17 2
10 3 11 12
8 3 24 6
9 6 22 6
5 4 22 18
6 2 28 5
7 4 25 6
3 4 20 11
4 7 15 16
1 6 24 5
7 9 23 9
9 10 23 8
4 1 21 20
9 3 27 4
9 10 26 16
5 4 27 10
10 4 14 10
10 1 11 1
8 3 24 8
3 2 15 1
4 3 13 5
1 3 12 6
9 8 20 4
10 6 25 2
2 4 29 7
7 3 12 2
10 5 13 19
10 2 27 7
7 6 27 5
8 9 27 20
6 5 23 9
2 8 29 11
2 5 13 10
7 10 22 20
10 4 17 8
4 8 25 15
6 3 28 18
1 3 20 6
5 2 13 2
9 3 21 6
6 1 16 19
4 7 17 1
10 4 21 20
8 2 17 11
4 2 15 7
7 2 21 20
1 7 12 7
10 4 24 19
2 3 22 15
9 10 27 9
8 3 15 20
5 10 16 3
6 8 11 1
7 6 12 6
4 7 29 5
2 1 29 2
9 8 15 6
3 4 15 11
4 10 14 16
6 4 12 12
4 6 15 14
7 6 16 11
4 8 12 3
10 8 19 9
5 7 29 5
10 8 23 7
3 6 14 18
4 9 15 18
6 5 20 3
9 5 16 10
1 3 25 3
3 6 13 6
8 1 17 11
4 8 20 20
9 2 11 15
6 7 23 5
3 10 11 4
10 6 16 10
1 10 22 15
1 3 22 12
7 10 13 20
3 7 18 7
4 9 20 2
3 7 24 13
4 7 14 6
5 4 18 20
6 7 25 19
3 1 12 16
9 6 25 4
6 3 22 8
7 1 27 1
7 5 25 15
10 8 27 13
10 5 19 2
7 5 26 9
10 8 25 7
9 2 15 13
7 2 22 2
5 9 20 8
5 7 25 8
6 1 14 19
10 7 20 10
9 10 15 10
3 7 18 7
8 4 12 5
4 5 13 19
3 5 29 15
10 4 25 16
7 9 28 9
2 4 14 10
9 4 13 2
10 2 29 7
6 3 29 13
6 9 26 10
8 1 13 10
8 7 12 7
1 3 29 10
1 2 19 3
7 5 14 15
4 5 13 16
4 9 19 17
10 5 15 10
5 9 15 17
4 2 13 11
1 4 29 20
4 9 26 18
6 8 19 7
3 4 16 2
6 5 14 11
1 8 22 8
5 2 11 14
5 7 21 7
4 8 14 17
8 5 16 5
8 9 20 10
9 1 22 20
4 6 11 11
5 4 13 17
1 6 21 20
6 9 26 16
4 8 28 20
10 6 22 14
10 4 21 18
4 6 20 1
10 9 13 13
7 3 18 11
8 3 18 20
2 10 22 12
10 3 19 19
7 8 29 8
1 5 21 14
8 10 17 3
4 6 15 10
9 10 19 4
5 4 27 6
6 3 13 16
4 8 22 10
3 8 28 15
2 9 17 5
7 6 23 6
1 8 20 2
1 2 18 4
4 3 11 14
3 10 11 8
9 4 28 7
3 5 14 15
4 9 23 17
10 4 22 15
7 5 19 11
1 7 17 7
10 1 21 14
3 6 29 17
4 6 29 2
1 2 19 7
7 5 22 20
4 7 17 5
8 5 20 18
1 4 15 6
7 2 20 10
3 6 18 18
1 7 14 1
4 8 27 3
2 3 16 18
1 5 13 19
8 7 25 5
2 9 25 13
9 10 15 13
8 6 12 13
8 5 18 18
3 7 12 3
9 7 27 17
7 1 20 18
8 3 23 10
10 2 18 1
5 10 27 2
3 10 26 11
6 10 11 13
7 3 13 7
3 4 16 5
8 2 29 5
10 5 17 2
2 9 29 14
8 7 24 2
9 5 12 14
7 6 20 15
10 2 14 17
8 3 19 11
6 9 18 1
10 4 21 12
7 9 22 11
10 3 14 17
3 8 15 18
5 8 22 8
4 9 11 16
5 8 27 15
4 3 28 2
10 3 22 20
8 5 18 12
3 7 23 10