15 7
15 7
15 5 2 1
5 10 1 7
10 6 1 3
6 1 1 3
1 3 1 2
3 4 1 5
4 13 1 5
13 12 1 5
12 7 1 5
15 11 1 5
15 8 1 5
15 9 1 3
5 8 1 6
5 2 1 6
5 14 1 7
10 2 1 7
10 14 1 6
10 9 1 5
6 2 1 1
6 9 1 7
6 14 1 7
1 14 1 3
1 8 1 2
1 2 1 1
3 14 1 7
3 11 1 4
3 2 1 6
4 8 1 7
4 9 1 3
4 14 1 2
13 9 1 1
13 2 1 6
13 14 1 1
12 2 1 4
12 14 1 4
12 11 1 5
7 8 1 7
7 9 1 1
7 14 1 5
7 12 1 4
1 6 1 6
4 3 1 7
6 15 1 2
4 15 1 3
4 6 1 6
5 15 1 5
9 2 1 5
9 2 1 6
14 8 1 6
2 11 1 2
8 2 1 1
9 3 39 6
13 1 17 7
7 11 33 3
1 8 16 7
1 8 21 1
5 1 38 5
8 6 24 1
12 2 33 6
5 14 16 3
14 8 34 2
5 13 24 6
9 11 24 3
15 8 18 5
7 6 34 6
14 15 41 3
4 11 43 6
6 13 29 7
2 5 25 3
9 2 22 1
13 6 44 3
12 13 29 5
12 3 34 2
8 4 27 3
12 8 32 7
8 7 31 5
8 1 34 3
10 5 28 5
7 1 42 2
6 12 36 4
1 14 40 3
6 3 31 1
9 1 35 3
1 8 28 2
11 8 31 2
15 6 17 4
12 10 21 1
6 13 44 5
14 8 33 7
6 14 29 6
1 15 32 7
10 14 33 7
9 5 42 6
13 5 38 3
11 6 35 3
2 9 26 4
8 1 16 2
2 7 40 4
8 3 34 2
9 7 30 7
13 6 18 3
5 4 41 4
8 13 27 6
13 7 25 5
8 6 31 3
2 10 28 6
2 14 28 4
3 14 28 2
4 15 40 6
11 6 22 6
14 9 38 4
4 2 26 7
13 14 22 3
15 2 26 1
9 2 16 5
5 12 32 3
9 5 31 6
13 10 19 4
8 7 42 4
2 15 24 5
6 14 34 3
4 5 33 1
11 6 29 3
13 10 32 5
6 2 40 4
8 3 25 2
12 8 22 1
8 4 39 5
5 15 42 3
4 7 31 1
11 2 36 3
14 2 27 2
7 13 31 1
5 3 24 3
11 5 17 3
8 13 20 7
8 5 35 5
14 11 21 5
15 8 40 7
7 10 41 5
1 9 26 7
13 15 20 2
9 15 21 4
7 1 24 1
1 2 19 7
12 8 23 7
5 2 41 4
5 4 21 4
2 10 24 4
15 7 30 5
6 4 39 4
14 13 21 3
7 1 34 2
9 12 31 4
13 7 26 4
8 5 17 4
1 8 28 6
11 15 28 5
8 1 24 5
14 7 17 4
11 8 31 2
10 15 40 2
13 15 43 4
8 12 22 1
15 14 17 1
12 10 35 1
3 4 21 6
14 15 20 1
2 14 21 3
15 2 36 6
10 8 28 5
1 7 26 4
4 13 37 5
11 4 39 6
9 12 24 5
10 4 38 6
14 15 21 3
4 2 39 2
5 7 35 6
4 10 26 6
12 15 37 3
11 1 33 3
12 3 38 2
1 10 17 4
8 3 41 7
10 15 16 2
5 14 26 7
10 4 21 4
3 13 19 5
9 4 35 5
3 7 36 3
12 15 39 4
14 6 36 2
5 3 32 6
1 7 27 5
2 13 22 6
11 9 32 7
5 13 21 2
7 12 21 5
3 12 27 7
5 3 18 3
2 10 26 7
14 7 16 6
5 15 33 2
10 9 40 6
7 1 24 3
13 11 18 5
3 7 28 2
9 6 42 4
13 11 28 5
14 3 25 3
15 6 18 7
5 6 33 7
6 14 39 3
6 4 31 6
4 2 19 7
3 13 30 5
1 15 33 5
13 10 31 2
6 9 32 4
14 4 44 6
1 6 21 2
4 7 21 4
2 7 33 3
7 6 18 5
1 2 27 7
15 12 27 7
13 14 43 4
5 1 30 3
3 13 30 5
2 13 23 2
12 3 34 4
6 4 26 2
13 12 29 6
1 3 42 5
7 13 41 1
1 15 40 5
8 3 18 6
12 8 42 1
8 7 20 1
10 8 28 4
5 2 44 5
5 13 33 6
14 10 33 5
2 6 33 3
2 4 18 4
3 10 36 3
11 4 23 3
14 13 25 4
5 6 25 4
4 5 42 7
10 2 30 3
13 7 18 1
12 8 39 5
13 12 35 7
8 5 40 3
15 1 36 7
6 14 43 4
6 1 22 1
9 4 34 5
12 5 40 7
15 12 25 7
10 11 25 3
1 10 16 1
7 8 44 7
3 6 37 7
15 11 42 1
6 10 27 7
2 8 40 1
7 1 32 4
1 3 21 2
7 13 36 2
14 7 44 4
3 8 30 1
12 7 31 6
10 12 31 5
8 5 42 6
1 11 28 3
9 6 16 7
12 1 18 4
8 13 17 1
1 2 21 4
6 15 34 3
9 14 24 6
8 12 34 7
7 14 34 3
3 10 37 1
9 7 25 3
13 6 28 4
3 5 17 7
12 5 32 5
8 14 24 5
15 1 39 4
6 10 42 5
7 6 34 1
2 4 25 3
1 5 28 4
12 4 20 6
1 5 16 5
11 1 44 2
2 13 31 7
1 5 19 5
14 2 37 5
11 15 36 4
5 7 22 1
13 8 39 3
11 3 19 3
6 7 29 2
4 14 19 7
9 10 22 3
9 2 18 3
11 14 29 1
14 8 24 5
14 7 27 6
15 7 40 1
6 13 21 3
15 14 36 4
13 2 21 6
2 5 41 4
7 14 33 4
9 10 24 2
12 4 33 3
7 5 29 5
15 1 32 5
11 7 23 2
14 7 30 2
11 12 43 1
12 11 28 1
6 2 21 5
15 5 32 5
4 3 22 5
15 9 27 4
4 15 44 1
12 9 37 3
6 8 23 4
4 2 39 7
5 9 37 5
4 1 30 6
3 6 35 1
12 10 34 4
7 9 22 4
1 5 17 2
10 13 20 3
1 5 40 6
2 5 43 4
8 10 34 6
9 14 36 2
9 8 22 1
9 3 32 3
13 4 39 1
12 5 22 4
12 6 17 3
6 1 38 2
15 3 42 4
9 2 37 7
11 9 24 3
14 8 33 3
15 1 18 4
2 3 28 7
15 8 35 2
11 10 39 2
15 4 31 6
1 12 23 7
7 5 29 6
4 11 32 4
15 9 35 3
15 13 23 1
1 6 43 3
9 3 18 6
12 14 30 4
13 11 32 3
3 7 16 4
15 1 40 2
4 8 32 1
1 5 29 4
3 13 16 2
7 8 34 2
3 7 16 5
10 12 31 4
2 11 17 4
13 14 34 1
4 10 43 7
5 10 27 7
15 5 20 6
2 7 32 6
9 10 42 7
3 15 44 4
10 8 32 1
15 11 38 1
8 5 21 7
5 6 18 5
8 13 19 2
4 15 33 4
7 1 31 2
5 10 39 4
12 6 39 6
3 4 29 6
11 1 39 6
1 7 42 6
14 10 43 1
6 13 43 7
7 13 29 2
2 13 29 1
5 2 19 5
3 11 17 2
10 2 24 5
3 11 36 4
10 5 29 2
15 8 31 6
10 12 37 5
9 11 43 5
14 3 23 4
1 15 18 7
7 6 18 7
3 5 16 2
10 11 42 1
11 10 41 2
9 11 33 3
11 2 41 4
5 1 29 2
3 1 28 3
1 10 23 7
7 11 32 2
7 10 31 5
7 14 32 7
11 2 19 7
6 12 36 7
14 6 30 4
4 8 23 2
1 2 35 2
3 2 29 1
5 10 31 5
2 14 44 1
8 3 32 2
10 13 33 2
1 9 19 6
10 9 25 1
13 11 16 4
1 2 38 5
7 1 30 2
5 7 36 7
10 9 18 3
4 11 35 6
12 9 42 2
1 4 44 2
14 1 26 1
7 5 38 3
14 10 27 2
3 4 25 3
2 12 39 4
15 14 17 7
12 6 40 6
8 14 44 5
12 15 21 1
5 15 25 2
5 14 19 5
13 9 30 7
6 2 21 5
5 11 35 7
10 2 27 5
11 10 43 1
6 14 29 2
3 8 41 4
1 11 25 4
7 10 19 2
14 7 43 5
11 6 44 1
13 14 17 7
6 3 33 3
11 15 30 7
12 15 23 5
14 5 40 1
5 11 36 4
4 8 19 3
11 1 31 7
12 3 19 3
13 12 16 5
14 1 27 1
5 13 36 3
8 3 33 3
4 5 19 4
7 13 24 2
9 2 38 7
2 4 30 4
8 13 34 5
13 3 30 2
6 13 39 6
3 4 31 1
10 14 29 3
14 9 33 1
4 9 36 6
15 11 37 5
10 12 25 4
14 11 26 4
5 9 29 2
14 2 44 2
7 1 20 3
1 9 26 3
13 7 33 1
11 5 36 3
15 9 30 6
2 13 37 1
9 5 26 6
7 3 22 1
15 3 29 5
15 11 38 3
7 9 36 3
8 3 34 5
6 11 31 1
9 8 23 3
13 4 19 7
2 10 40 3
6 1 39 7
8 9 18 1
3 6 24 6
4 8 29 5
10 13 20 3
6 4 36 4
1 10 25 6
15 8 22 1
1 3 17 3
5 3 18 6
6 9 32 4
6 5 18 1
1 12 32 4
8 13 16 3
14 2 36 2
10 5 35 1
8 7 28 3
7 10 19 2
1 8 32 3
13 14 44 2
4 7 36 5
14 15 39 2
9 14 23 4
14 6 27 2
2 11 20 5
4 3 19 3
14 1 34 3
9 1 39 3
8 2 35 1
11 14 35 4
11 3 16 3
5 2 28 2
11 13 24 7
4 3 33 5
1 15 20 2
10 13 23 2
8 1 44 5
8 3 34 3
3 13 34 4
11 4 25 4
7 2 17 6
14 11 33 2
11 13 30 5
13 5 33 4
4 10 27 4
14 2 38 4
7 3 19 3
14 4 16 1
8 14 32 3
7 14 44 4
2 14 32 5
13 5 27 3
10 2 43 7
14 6 26 1
3 7 26 3
5 15 31 7
11 5 34 3
6 7 23 3
13 7 23 2
14 10 32 7
10 9 32 7
13 9 26 3
8 2 28 7
11 7 21 4
11 2 21 5
15 5 18 2
4 8 33 3
15 8 28 7
13 10 38 2
4 11 37 2
7 1 42 6
15 9 30 1
14 4 42 3
6 5 16 6
4 6 39 6
6 4 24 4
12 13 42 7
6 9 42 2
6 12 27 4
15 12 33 6
8 15 28 7
8 2 22 1
4 7 36 3
1 9 23 1
6 9 40 3
11 14 22 1
13 10 39 3
1 5 33 2
5 9 21 6
12 5 38 5
8 7 23 5
15 6 35 5
10 8 25 4
3 14 20 6
10 11 23 3
8 1 36 2
11 12 42 2
5 1 19 3
13 12 26 3
4 1 35 5
15 6 19 4
1 8 29 1
9 15 29 4
9 13 16 1
7 3 21 3
7 6 32 2
7 6 30 5
3 6 28 3
13 14 20 2
6 12 43 5
10 14 29 6
2 3 36 6
9 6 42 2
10 4 39 4
3 14 20 2
7 11 18 1
5 8 29 4
4 3 18 7
15 9 16 5
6 13 29 7
6 2 43 5
10 11 39 7
7 9 40 6
15 4 43 1
13 12 41 1
15 5 42 7
7 11 33 6
4 1 38 4
11 5 20 4
4 1 44 4
6 7 29 3
9 8 21 5
4 15 24 3
9 2 21 6
10 4 30 4
9 4 27 3
3 13 25 3
5 3 26 1
15 10 28 4
12 6 16 3
14 15 28 1
3 4 44 2
9 5 24 2
5 6 28 6
3 4 22 3
14 8 30 1
4 3 25 5
3 9 25 7
15 5 35 2
4 1 32 5
11 4 18 4
12 6 29 6
1 9 36 2
7 1 16 5
9 1 17 2
12 8 27 4
3 12 24 1
12 1 27 5
7 5 24 2
3 9 20 1
13 10 44 2
3 13 25 3
4 15 23 3
12 4 29 3
5 15 36 3
12 10 22 5
8 4 20 6
6 4 44 6
4 1 33 4
4 2 35 4
1 11 21 1
11 3 43 2
8 6 31 2
13 4 33 5
7 11 29 1
12 8 19 3
1 11 30 7
10 15 37 3
7 4 18 2
7 8 36 5
13 6 16 6
10 7 19 7
4 6 24 5
10 12 28 2
10 7 41 2
1 7 22 5
7 8 36 6
10 12 21 3
10 4 41 4
6 10 19 6
15 11 32 6
7 6 43 1
7 13 24 3
3 12 28 2
8 4 26 3
5 9 43 3
12 14 39 7
3 8 44 3
7 2 28 7
15 1 18 6
12 5 37 3
15 9 29 3
6 3 21 2
3 6 37 4
3 6 21 2
15 12 33 2
5 7 20 3
4 15 32 2
14 2 17 1
4 10 40 3
14 2 42 1
7 10 42 1
7 14 35 7
14 9 18 4
8 6 32 5
2 4 36 5
14 8 34 6
2 14 20 1
7 6 24 3
13 14 23 1
1 5 17 5
4 13 38 3
12 10 39 7
3 13 16 7
1 11 32 3
10 12 39 2
8 4 34 7
7 14 21 5
2 8 25 3
2 7 25 6
9 4 40 5
6 15 35 3
9 3 20 2
11 10 25 2
12 7 20 6
5 15 35 7
3 5 39 1
3 10 30 4
4 13 24 5
3 1 30 2
8 7 39 5
12 8 22 2
12 9 40 7
4 10 43 4
2 8 39 7
15 9 27 3
6 4 34 5
3 14 16 4
5 8 44 5
14 13 31 4
5 13 24 3
15 6 25 1
4 1 32 5
8 6 42 2
10 14 32 5
15 2 16 6
4 6 42 5
5 10 26 5
13 8 29 7
5 15 18 6
14 10 22 6
11 9 22 5
1 12 31 3
11 8 40 5
1 8 36 1
4 6 16 6
3 13 28 6
9 8 44 3
13 2 28 6
1 5 22 4
12 5 21 3
4 5 30 4
10 3 19 4
13 9 41 6
6 4 43 2
12 9 36 6
8 1 44 1
11 13 33 7
15 12 33 6
14 1 44 5
15 14 34 3
4 3 35 2
3 13 38 5
1 12 25 2
4 1 24 4
12 13 44 1
8 6 26 2
4 11 42 3
6 8 20 2
14 10 24 6
11 15 33 7
2 1 44 2
10 15 37 1
7 13 39 2
13 3 31 1
5 12 33 1
7 13 16 1
9 15 23 7
15 7 27 6
14 8 23 5
5 13 16 2
13 4 21 7
12 3 27 6
1 7 41 3
5 7 27 2
2 4 44 6
14 10 36 7
8 7 40 4
5 11 25 3
14 15 24 6
14 15 21 3
3 4 30 4
1 11 30 7
6 11 25 4
8 13 19 7
1 2 42 2
5 3 22 1
15 5 37 2
10 6 25 1
9 4 42 2
6 7 36 1
14 4 31 2
4 8 21 2
13 8 30 4
13 3 27 5
2 14 28 1
15 13 40 4
2 7 32 1
9 12 42 2
1 14 21 3
9 7 34 1
9 14 25 5
9 6 28 4
4 11 32 2
7 11 21 4
8 15 24 4
8 4 25 1
4 14 37 2
14 4 26 7
15 2 29 6
8 6 35 4
1 4 28 2
1 15 21 2
10 6 31 5
1 7 27 2
8 2 16 6
3 5 31 3
1 3 37 6
5 1 43 3
2 11 29 2
2 9 35 7
5 11 20 6
7 2 43 5
6 3 35 2
1 4 34 3
13 2 24 1
9 2 35 7
4 7 24 7
15 3 30 7
14 8 34 6
7 15 29 1
10 7 19 5
6 8 29 3
14 7 42 4
9 13 26 1
13 6 18 3
14 4 19 1
1 2 37 2
6 3 40 6
9 7 39 2
13 11 33 3
8 7 33 6
10 12 18 1
12 9 33 2
10 9 21 7
8 7 38 5
14 3 25 2
4 11 38 3
14 15 21 5
2 4 35 6
8 7 24 1
15 9 24 5
15 12 31 7
8 11 32 4
14 2 22 6
9 12 30 1
12 9 17 3
6 8 35 6
5 2 28 7
13 10 24 7
9 2 20 5
6 11 43 4
5 8 16 2
8 15 17 5
1 3 24 5
13 4 39 6
3 4 25 6
10 4 31 3
5 13 24 7
8 6 32 7
13 4 38 6
7 13 23 7
13 15 24 1
4 8 22 5
12 2 36 7
15 7 43 5
3 14 23 7
5 13 27 3
15 8 43 4
5 10 30 7
12 9 38 4
14 11 38 3
14 13 38 5
11 14 38 4
4 1 26 5
5 15 25 4
2 1 16 4
10 15 40 7
6 10 16 6
13 6 32 3
12 7 38 7
5 15 42 1
14 8 43 2
7 5 18 1
1 11 42 4
15 2 30 2
5 3 30 5
5 8 34 7
11 3 19 3
7 11 24 4
3 7 20 5
4 13 19 6
13 12 29 1
7 5 44 6
10 11 17 5
6 15 39 4
2 10 26 5
13 11 22 2
6 11 40 2
14 15 36 6
15 13 40 6
11 13 38 7
1 3 35 1
12 15 37 7
9 11 38 3
7 4 39 5
10 2 38 7
2 14 17 5
6 2 20 7
15 13 26 4
13 10 27 5
2 8 39 4
4 2 35 2
3 8 35 1
11 4 20 6
9 3 27 3
5 12 16 7
7 6 16 4
10 9 31 1
9 3 30 1
3 15 28 4
5 3 22 6
1 11 21 2
3 11 41 4
2 1 36 1
5 3 19 4
3 12 23 4
8 4 17 4
14 8 17 7
13 11 27 5
10 4 37 7
8 12 16 2
5 14 23 2
15 1 25 3
10 8 21 6
13 2 36 4
7 12 25 4
2 13 41 6
9 14 25 5
5 4 39 3
8 2 26 6
2 11 31 1
10 2 38 6
11 10 43 4
5 8 37 6
7 4 42 4
8 10 24 1
5 2 26 5
3 2 34 1
8 3 32 7
7 12 18 3
2 15 29 1
1 11 39 4
9 7 22 2
1 2 26 5
12 1 16 2
4 15 35 1
13 9 38 6
12 11 42 2
10 6 19 6
1 7 41 5
2 5 23 1
2 1 37 4
15 1 34 3
5 12 42 6
10 11 16 3
1 5 38 6
11 15 35 3
13 15 16 5
3 12 20 1
15 6 29 7
10 11 37 4
9 15 43 1
6 12 38 7
13 14 27 3
7 15 32 2
14 8 37 7
8 4 32 3
2 15 31 5
1 14 42 2
10 15 17 3
10 11 37 2
14 2 20 5
6 5 33 2
9 5 26 1
8 15 30 7
1 8 26 4
6 10 25 7
6 4 20 1
12 11 32 4
6 14 43 4
1 15 25 1
7 11 40 2
11 5 38 7
6 5 43 1
2 4 30 4
13 12 21 1
9 7 24 7
14 6 43 6
10 3 18 6
3 11 25 3
14 3 43 5
7 12 27 6
6 15 25 4
4 15 20 2
9 4 43 4
7 8 42 5
1 10 17 7
6 10 22 6
14 2 31 5
10 4 16 1
5 11 18 5
4 1 24 4
14 8 18 1
6 14 24 7
7 3 26 5
1 2 26 5
9 13 25 3
3 1 26 6
7 11 29 4
14 6 43 6
7 6 26 6
5 10 32 3
2 13 18 3
13 8 18 7
12 5 34 4
6 2 22 4
10 1 44 1
9 15 28 5
15 13 27 3
14 13 31 4
11 15 25 2
3 10 23 4
1 6 43 4
6 14 38 2
5 3 25 6
15 6 17 2
12 3 21 1
9 10 42 1
7 12 26 1
11 14 30 5
3 5 34 4
8 9 20 1
1 10 28 2
12 1 29 5
5 12 43 3
6 4 44 3
7 5 26 6
3 4 16 2
10 6 28 2
13 3 29 4
15 14 27 6
5 15 36 1
12 5 41 3
14 6 33 4
4 2 25 4
10 7 29 1
10 7 31 5
12 8 39 7
14 10 33 6
8 14 16 3
8 9 36 4
8 3 16 2
7 12 38 7
10 1 24 1
4 2 41 1
7 14 32 7
11 5 27 1
1 3 44 5
7 2 16 7
7 6 30 7
9 14 34 3
11 13 21 2
6 3 16 3
15 14 36 1
10 14 27 1
5 15 41 1
5 14 29 7
14 1 27 6
8 7 17 4
13 1 37 7
3 4 22 1
2 6 28 6
9 10 28 4
4 6 17 5
6 2 17 5
2 1 25 2
12 7 35 2
7 15 25 6
1 13 19 6
12 4 29 1
13 5 16 4
10 1 38 4
13 10 19 4
7 5 34 7
11 7 39 6
11 14 26 7
1 3 34 4
1 7 17 1
3 13 36 3
5 6 44 7
14 7 29 4
1 7 44 6
14 3 38 1
7 2 31 7
5 4 30 3
5 4 27 1
14 9 21 2
11 5 36 7
8 1 22 1
1 15 31 7
12 15 38 3
11 5 23 2
14 8 35 5
14 11 35 2
2 5 22 5
12 14 36 3
8 14 21 2
9 8 38 5
12 4 39 4
10 11 27 5
5 12 36 5
15 4 16 5
13 6 29 4
10 2 41 2
9 6 44 1
11 6 44 4
10 11 36 5
10 1 19 1
12 10 23 1
7 12 29 2
13 12 29 2
8 7 31 1
15 5 21 7
1 8 16 6
10 6 23 5
4 12 25 1
12 8 43 2
14 2 40 1
13 2 18 3
6 8 30 3
10 14 20 1
5 4 38 5
12 4 21 3
10 13 34 7
10 9 18 7
10 1 21 2
4 1 26 4
15 3 42 2
14 7 39 1
15 4 30 1
3 6 42 6
11 10 32 2
5 2 36 6
6 5 21 6
12 1 37 6
6 9 39 2
3 10 16 3
10 5 17 6
14 10 16 4
2 9 44 6
3 6 29 7
12 2 17 7
2 13 33 1
15 13 31 1
4 3 31 2
15 14 40 7
8 14 20 4
4 2 18 4
15 8 31 6
3 9 36 2
9 10 32 6
9 1 44 7
3 4 30 1
8 1 31 2
9 3 17 7
3 2 30 3
2 7 26 5
7 9 36 4
12 5 44 7
11 14 29 7
4 3 17 4
4 15 29 2
8 12 26 3
11 9 39 1
13 11 35 3
3 2 22 7
5 1 37 5
14 12 41 2
8 5 26 7
5 8 31 3
14 10 31 2
8 10 36 5
5 14 37 1
1 4 38 1
11 13 25 2
15 5 26 2
7 9 41 4
2 4 37 7
2 13 37 3
8 2 17 2
15 6 40 3
13 12 43 6
4 13 22 1
5 14 39 6
2 14 24 6
14 12 16 2
10 4 43 3
13 8 17 7
11 7 21 7
3 12 22 7
9 10 43 2
4 1 35 6
7 4 20 7
10 2 43 2
8 7 30 4
3 14 21 6
13 6 20 1
8 11 40 4
11 9 29 4
6 7 33 2
12 10 32 6
15 12 27 1
11 1 43 3
3 4 25 7
5 2 18 5
5 9 40 3
3 9 20 3
4 12 40 1
3 11 36 3
6 3 32 1
5 10 31 1
7 2 31 1
11 1 44 1
8 10 32 2
2 14 23 5
15 12 39 1
14 9 42 4
9 14 30 3
9 3 36 4
3 11 20 2
14 15 39 1
5 14 23 3
10 8 35 7
15 4 40 6
13 11 28 5
3 13 19 5
10 5 24 5
13 15 24 2
1 12 27 6
2 8 22 7
15 2 22 2
2 6 19 2
5 8 43 5
10 13 16 4
3 5 41 2
15 5 26 2
8 13 38 3
13 4 25 4
2 4 40 6
15 6 24 6
2 6 32 6
4 9 23 3
13 3 30 6
8 4 16 4
1 2 40 4
13 15 25 4
15 4 35 3
8 6 20 3
14 8 29 6
11 8 41 5
9 7 25 4
7 5 23 7
1 10 20 1
11 2 28 6
1 13 20 5
1 15 22 3
7 11 38 5
4 13 22 6
6 7 29 2
14 9 26 3
4 6 26 1
15 7 36 4
9 3 28 1
13 3 20 3
4 1 37 4
12 4 44 4
2 7 44 5
2 10 18 6
3 5 28 1
5 8 38 2
7 3 39 4
7 15 39 5
4 14 33 3
5 14 21 3
1 13 32 6
14 5 27 6
5 9 39 3
14 6 17 6
4 15 42 2
9 2 31 6
6 12 37 4
5 9 37 3
4 10 43 4
8 15 19 6
2 14 22 2
2 12 22 4
10 15 17 3
3 14 24 4
9 5 34 5
5 7 18 1
12 8 35 1
6 2 41 5
6 2 23 5
2 1 19 6
4 12 16 1
7 13 26 2
12 7 39 6
8 6 44 5
14 8 21 7
9 12 35 1
15 7 18 5
6 7 24 3
14 7 28 4
3 13 30 6
5 4 44 1
13 4 33 7
6 8 19 6
2 1 43 5
3 5 33 2
15 11 21 4
15 1 17 2
7 9 27 2
11 13 25 5
5 8 23 4
12 3 42 5
4 2 35 3
10 7 31 6
11 13 37 5
7 3 41 2
14 5 33 3
3 15 39 7
8 13 18 1
3 10 43 3
12 4 35 1
4 5 31 3
1 4 29 2
2 5 17 7
15 1 36 4
1 6 22 7
8 15 24 7
9 13 36 6
4 8 19 3
5 12 32 3
8 7 43 2
6 4 38 7
9 12 19 7
3 4 43 3
9 3 36 7
12 8 30 2
6 3 39 6
2 9 40 5
15 13 44 2
12 8 28 5
11 10 27 1
11 6 34 7
9 12 43 6
12 2 39 4
5 4 22 2
1 8 42 7
13 6 21 1
14 5 37 7
6 5 38 6
8 11 41 3
6 14 38 5
11 5 16 3
6 15 31 7
8 10 23 2
4 8 23 1
11 3 19 5
13 4 29 6
5 6 40 4
2 4 39 5
3 10 37 1
8 13 39 2
4 12 40 3
7 12 25 5
7 10 29 7
15 9 23 6
4 13 34 6
12 9 26 3
11 1 39 4
12 3 27 6
8 10 17 3
9 3 22 6
9 4 29 1
10 11 20 7
1 14 19 5
10 7 34 1
3 6 18 4
11 12 32 5
7 8 41 2
2 12 21 6
9 11 38 2
2 1 36 7
10 8 26 4
10 14 27 5
10 9 31 5
9 5 39 4
3 2 19 3
12 3 37 7
3 1 23 2
13 12 32 6
10 5 19 4
2 9 18 7
14 2 39 1
1 8 44 2
2 1 40 2
14 4 28 7
11 4 44 3
5 15 21 5
1 12 26 2
12 15 31 6
6 14 16 5
4 7 36 7
1 14 33 5
8 12 24 5
4 12 36 3
5 6 16 7
8 6 18 2
12 14 22 6
1 5 19 5
1 2 40 6
5 12 38 6
7 13 36 2
4 8 28 6
14 13 43 5
14 9 27 6
8 9 43 1
8 10 27 5
6 13 27 1
5 4 40 4
6 12 29 3
4 9 16 5
3 11 31 4
6 12 16 3
3 7 39 5
12 13 31 3
1 8 23 6
12 11 40 1
1 2 28 6
15 6 28 7